	actress/nn	advance/vv	agencies/nn	agency/nn	aids/nn	alan/np	america/np	anybody/pn	anyone/pn	anything/pn	arm/nn	army/nn	artist/nn	association/nn	boss/nn	boys/nn	boy/nn	brother/nn	bush/np	businesses/nn	business/nn	campaign/nn	candidate/nn	car/nn	charity/nn	child/nn	citizen/nn	city/nn	companies/nn	company/nn	competitor/nn	convict/nn	countries/nn	country/nn	court/nn	criminal/nn	criminals/nn	dad/nn	daughters/nn	daughter/nn	district/nn	dogs/nn	employees/nn	dog/nn	employee/nn	enterprise/nn	entrant/nn	environment/nn	europe/np	everybody/pn	everyone/pn	fbi/np	folk/nn	food/nn	fred/np	friends/nn	friend/nn	girl/nn	government/nn	grandparents/nn	grandparent/nn	group/nn	grower/nn	grown-up/nn	guy/nn	guys/nn	her/pp	him/nn	him/pp	horses/nn	household/nn	houses/nn	house/nn	husband/nn	individual/nn	iranian/nn	irvin/np	it/pp	judge/nn	jury/nn	kid/nn	kids/nn	kitty/np	kurds/np	lady/nn	leland/np	lord/np	mama/nn	man/nn	management/nn	mater/nn	matter/nn	me/nn	me/pp	members/nn	member/nn	mom/nn	mom/np	mother/nn	myself/pp	nation/nn	nicaragua/np	other/nn	parents/nn	parent/nn	peasant/nn	people/nn	person/nn	plaintiff/nn	planner/nn	president/np	public/nn	rashad/np	reader/nn	rear/vv	russia/np	ryan/np	schwartzkopf/np	scout/nn	sister/nn	somebody/pn	someone/pn	son/nn	sons/nn	stomach/nn	stranger/nn	students/nn	student/nn	taxpayer/nn	teacher/nn	team/nn	that/dd	them/pp	theory/nn	things/nn	thing/nn	thomases/np	topic/nn	trek/np	troop/nn	twins/nn	twin/nn	university/nn	us/pp	veteran/nn	veto/nn	vietnamese/nn	washington/np	white/nn	wife/nn	woman/nn	women/nn	wwf/np	you/pp
actress/nn	0.0	3.9159348	2.729287	3.4641562	2.403572	1.8850409	3.7935085	2.6101778	2.6714747	2.7714174	3.772553	3.5445926	0.5555228	3.0070832	0.6288381	2.9437296	1.2429223	0.8640857	3.673999	2.9832475	3.2793918	3.5584164	3.3452816	2.9040594	3.2194648	1.1491824	3.1823993	2.959588	2.5321822	3.3507528	3.3711371	2.1490793	2.9440281	3.9094982	3.44087	2.4228084	2.9423506	0.89212435	1.1070244	0.46100202	2.8442276	2.9978871	2.5148718	1.4663398	3.1563733	3.3911438	3.112645	3.547798	4.0719457	2.375798	2.5516613	3.3786252	2.4433599	2.9898074	1.7134687	2.0955355	0.5984625	1.1887934	3.6580503	2.9598017	0.7910509	3.1170104	3.2260604	1.3455791	1.804712	2.73737	1.8764606	2.4708514	2.255982	2.9048843	2.7444446	2.9394062	3.4891026	0.4548876	2.7986577	3.6169107	1.9733509	2.8535542	3.3027244	3.3271387	1.3223183	2.6898053	0.5542489	3.0432124	1.0340439	1.307412	0.7569011	0.97032356	1.8049896	3.3803852	1.8758268	3.2913492	2.0236063	2.1311662	2.9532053	3.251077	0.8466308	0.7881315	0.708215	2.475685	3.8284798	4.1627955	2.6688523	2.5326612	0.9848901	2.964214	2.7420626	2.1678782	3.5153515	3.4572845	3.5764894	2.9479423	2.0664945	2.378737	1.4136268	4.0255346	0.6517614	3.787165	1.5246388	0.4310403	2.3131096	2.2992036	0.6670804	2.8340056	2.134257	1.5901376	2.6193495	2.0878735	3.3661895	1.6956255	3.2114055	2.9016612	2.3927794	3.0185242	2.69857	2.8378608	0.83361924	3.1053636	0.50069207	3.777054	2.6808574	0.4791628	2.1564445	1.8443509	3.388584	3.721292	3.8631577	2.0301998	2.6294758	0.46720135	1.5699428	2.6991673	2.7349524	2.3626022
advance/vv	3.9159348	0.0	2.9449027	0.84443676	1.7424014	2.5285246	0.67551064	2.95434	2.6216893	2.9552636	0.4985609	0.59188414	3.4322941	1.2068856	4.3400607	3.6016114	3.2485628	4.185694	1.3540549	2.9349856	1.287487	1.2875892	1.317913	1.3639607	1.0317729	3.1788514	0.97868747	1.2481809	3.2395523	1.2138189	0.9924343	2.68401	3.7609468	0.47423032	1.6007124	2.4259353	3.050564	4.2006664	3.8500354	3.928449	1.4935023	3.6402016	3.1547492	3.1351535	1.3006301	1.1641611	1.5556259	0.979603	0.4053373	2.9679215	2.6447167	1.1127295	2.1348512	1.5933285	2.7719522	3.435978	4.262682	3.3147883	0.5008797	3.4778986	3.796323	0.9303888	1.434721	3.1252644	3.1690645	3.5432642	3.2649035	3.4373918	3.0796416	3.5913029	1.7316257	3.4370015	1.2568756	4.1819806	1.731977	0.59078693	2.4098353	2.878718	1.5384357	1.8029071	3.0114334	3.5893736	3.8348284	1.7685455	3.4816716	3.0412157	4.1831594	3.8227715	2.927384	1.1439632	2.1810257	1.7640971	3.36432	3.1476364	3.6058397	0.922873	3.951088	4.247937	3.8389056	2.8782628	0.41726616	0.47966757	1.9797041	3.627428	3.4837987	1.3100282	1.7227013	2.7058733	1.6496373	0.93269485	1.4950527	1.691891	3.1894543	1.9902204	2.921022	0.31680375	4.2540646	0.4879363	2.871611	4.210578	3.0385058	2.7782953	4.0485096	3.2747576	2.8636618	3.3655295	3.155354	1.9037997	1.1060727	2.3001344	0.9596452	2.8245654	2.4655788	2.4972825	3.4737618	2.891074	4.006903	1.9104667	3.58172	0.312999	3.8034198	4.0599494	2.0031333	2.82981	0.7937636	1.0658522	0.49723715	2.4442475	1.6871188	4.0525594	2.7849221	3.7185667	1.5213027	3.143523
agencies/nn	2.729287	2.9449027	0.0	2.757036	2.2094555	2.2461913	3.0602775	1.8238584	1.837865	1.7380669	2.8669424	2.6697378	2.326017	2.6110184	2.8330321	1.0204216	2.5253246	3.0724382	2.199345	0.94129056	2.8620868	2.1195793	1.8788288	2.570231	2.659558	2.4774306	2.3123693	2.4293363	0.9492319	2.8631947	2.609527	1.9773883	0.9744189	3.0520914	2.2101622	1.9196668	0.28708854	3.027974	1.9387811	2.9013352	2.194545	0.8366959	0.96617293	2.4925299	2.7124074	2.8854606	1.4441228	2.8803048	3.167839	1.7783122	1.7596972	2.5147524	1.837725	2.8071647	2.1317172	0.88479453	2.8146107	2.4871814	2.7314956	0.7823802	2.744836	2.4613016	2.8914204	2.3614118	1.880373	1.0055052	1.949373	1.239501	1.7056671	0.89588803	2.6677184	0.891697	2.2645483	2.878896	2.0760863	2.589582	2.002862	1.2565606	2.2745264	2.1666505	2.36003	0.83674276	2.7320402	1.2005594	2.3440092	2.1523418	3.0295	2.807018	2.0613055	2.8967373	2.0446293	1.9482445	1.7863113	1.684151	0.8924765	2.3288624	2.9037023	2.9969032	2.8068633	1.8573003	3.010322	3.253119	1.9911618	1.0309571	2.6888611	2.111919	1.9556891	1.9439825	2.2555156	2.8185434	2.0523932	1.8591305	0.76268166	1.7941798	2.3415082	2.9961991	3.0449212	2.7582338	2.3429139	3.0552127	1.9600854	1.9366498	2.9396849	0.9076295	2.0574276	2.1274743	0.2889991	2.1128795	2.8012671	2.1582174	2.5538619	1.5085647	1.786916	1.5180029	0.84659266	1.0953971	2.2794077	1.5931062	2.2745626	2.768973	1.1870426	2.9989336	2.1508543	1.4105643	2.5751193	2.3278775	2.6841419	1.9868593	1.9585354	2.8424013	2.0771403	1.0368403	1.7480365	1.4774479
agency/nn	3.4641562	0.84443676	2.757036	0.0	1.3057964	2.0281456	0.82846844	2.762039	2.4286714	2.779095	1.1400197	0.84295875	3.0079546	0.6305346	3.8632817	3.3653443	2.7899904	3.677895	1.3311774	2.701812	0.72180355	1.1897291	1.2071466	0.93819827	0.3592583	2.6950402	0.89591634	0.9969831	2.9375992	0.6799429	0.6541915	2.279394	3.5488603	0.8880817	1.2584916	2.0595245	2.8700998	3.712766	3.4168007	3.4566782	1.0275046	3.4601622	2.8186164	2.6866646	0.56173646	0.68320894	1.4825349	0.77818775	1.0073192	2.79921	2.5107641	0.56404966	2.0133748	1.0201334	2.3311515	3.1306782	3.7755284	2.8624437	0.4798512	3.3320804	3.3102431	0.6105089	0.8472078	2.706484	2.8359668	3.3244774	2.981907	3.211486	2.855468	3.4155598	1.1210355	3.2049205	1.1363145	3.7154486	1.3443882	1.0312653	1.9732044	2.7254133	1.1119218	1.4139603	2.5600066	3.338182	3.3554664	1.7210526	3.0425906	2.589967	3.6917822	3.3563178	2.545529	0.47421232	1.7115241	1.4932393	3.1134968	2.9211767	3.4126089	0.77846336	3.4703329	3.7613983	3.36563	2.7120326	0.86323607	1.0782405	1.7753406	3.3257024	2.9842763	1.313229	1.6140928	2.3750782	1.2692304	0.38444218	1.4984769	1.561366	2.8977747	1.8203545	2.4038422	0.9640265	3.7618906	1.0328873	2.4459274	3.7428918	2.7832718	2.5144606	3.5503955	3.0180385	2.6451669	2.9986627	2.932417	1.445018	0.5427022	1.8176287	0.6943742	2.6661675	2.2919393	2.316191	3.2333527	2.7143445	3.5515022	1.6799599	3.1606817	0.93449646	3.515957	3.5811043	1.5349053	2.558852	0.87107825	1.0819035	1.0942951	2.0531347	1.524189	3.5710297	2.3618362	3.470601	1.218171	2.9434106
aids/nn	2.403572	1.7424014	2.2094555	1.3057964	0.0	1.4465543	1.656954	2.053549	1.786124	2.1366367	1.7786407	1.5141705	2.0093243	1.0179038	2.7915912	2.833543	1.6069914	2.5356686	1.855036	2.3605044	1.3112532	1.6951805	1.5148897	1.1743344	0.9934368	1.5047474	1.0262178	1.2366672	2.377977	1.4481652	1.3952892	1.263606	2.9381506	1.7569126	1.62359	1.2104621	2.3629792	2.5585034	2.3904011	2.329232	1.1444403	2.88458	2.246611	1.5487372	1.2665812	1.3778722	1.4600357	1.3903884	1.9497027	2.0080464	1.8078711	1.3724785	1.2330526	1.2555876	1.6677426	2.3705661	2.6906252	1.6601738	1.4824086	2.7886543	2.1422226	0.850758	1.4068336	1.4956309	1.7630861	2.6630323	2.0577724	2.4621615	2.0550394	2.8173616	1.047611	2.7091415	1.6692888	2.6088784	0.9031259	1.5502398	1.4260241	2.167275	1.497479	1.6368774	1.3757945	2.7043374	2.2689652	1.5691652	1.8506047	1.7488483	2.564801	2.1961074	1.4201763	1.4206012	0.8952322	1.5363579	2.2078319	2.0907037	2.8056738	1.209216	2.3139555	2.616603	2.1937609	2.027539	1.6988064	2.0068865	1.1469746	2.6787927	1.8172492	1.0206965	1.0558944	1.3892362	1.6965394	1.4724958	1.869851	1.2830688	2.1620276	1.1345122	1.2943257	1.8819407	2.6568456	1.73259	1.242897	2.6315067	1.9416122	1.6708918	2.4181125	2.5343735	1.7945628	1.9642297	2.335414	0.56514466	1.3620789	0.80698967	1.2373049	2.1167505	1.6118147	1.9076188	2.5905342	2.1570437	2.4808428	1.51201	2.1514115	1.6778227	2.879866	2.4689503	1.0051234	1.7654942	1.384381	1.7504466	1.8053164	1.5190454	0.83691865	2.4780276	1.141425	2.802327	0.93258446	2.1793447
alan/np	1.8850409	2.5285246	2.2461913	2.0281456	1.4465543	0.0	2.4775977	2.5206332	2.382257	2.597401	2.4604201	2.0827801	1.4495472	1.5827672	2.2104814	2.8335981	1.8841316	2.1444733	2.0545313	2.5037563	2.080647	1.965628	1.8420693	1.83333	1.8948836	1.6052645	2.0368726	1.3469751	2.331265	2.1149197	2.0474477	2.028127	2.913345	2.5937815	2.010096	2.063081	2.47593	2.3554347	2.0377676	2.0210354	1.1816322	2.841071	2.2661362	1.9645829	1.8216292	2.1298575	1.8925153	2.388827	2.6979098	2.3798199	2.3198426	1.8044575	2.0275207	1.9903427	0.39867926	2.1161003	2.1056387	1.8921511	2.2876894	2.6660204	1.9642591	1.8321791	2.079664	1.8007649	2.1721632	2.774563	2.2223241	2.6349046	2.3502443	2.7649276	1.7921467	2.7258475	1.818407	2.1597288	1.9203042	2.3907633	0.3325205	2.4746063	1.7849451	1.9736044	1.7086322	2.6478128	1.6895716	1.9583408	1.9033997	0.7182331	2.2500067	2.1965175	2.0018582	1.9848653	0.6472417	2.1188526	2.3289332	2.239428	2.8681934	1.7131201	2.2107015	2.3440359	2.003613	2.4118514	2.4465528	2.8322372	2.0867138	2.5456574	1.8060327	2.062255	2.0535653	2.1039333	2.0785964	1.934365	2.0127816	2.0440083	1.8504415	1.7898095	1.5921918	2.6624787	2.1081667	2.3535032	1.7444692	2.1935606	2.4131331	2.2377052	2.054419	2.569607	2.21091	2.13576	2.2563734	0.93629694	2.1358702	0.8881124	1.6507518	2.4927387	2.127464	2.3383806	2.640448	2.4446049	2.0643175	2.0257742	1.6047504	2.3718126	2.7615902	2.1338398	0.56479764	1.5663192	1.9022366	2.1399095	2.438419	0.47354996	1.9083619	1.9254206	1.6641444	2.7869227	1.6417292	2.3402524
america/np	3.7935085	0.67551064	3.0602775	0.82846844	1.656954	2.4775977	0.0	3.1341448	2.8064573	3.1574686	0.98927337	0.90664935	3.322497	0.99950993	4.2498803	3.700513	3.1252768	4.036081	1.6354908	3.0300145	0.867001	1.4945743	1.5162567	1.1920598	0.94600576	3.0383832	1.1795411	1.2890304	3.3140986	0.9295357	0.69661343	2.6721535	3.8878522	0.2830785	1.8771322	2.4690323	3.1750042	4.081593	3.8092763	3.7950952	1.5854847	3.798456	3.1797843	3.0297053	1.1457199	0.69970155	1.6934798	0.5788584	0.5041574	3.1329424	2.8337903	1.2843993	2.2673125	1.2510791	2.7423017	3.492001	4.1583366	3.198993	0.7184494	3.6748447	3.6649938	0.88548106	1.0854837	3.059731	3.1848607	3.6706824	3.35804	3.5659745	3.2216907	3.7696862	1.3912188	3.5344553	1.4965742	4.08506	1.8028648	1.0394194	2.3832557	3.1077685	1.7798005	2.0622604	2.8937652	3.677434	3.727351	1.9511963	3.3812668	2.987836	4.035802	3.708946	2.8970072	0.9095553	2.1023772	2.0250168	3.48364	3.291776	3.7485623	1.1171037	3.825614	4.131961	3.7134104	3.0563886	0.35872832	0.5493265	2.116615	3.6842768	3.3370287	1.4782144	1.8732694	2.7413013	1.903626	0.9411557	1.795036	1.9387604	3.2542615	2.1262693	2.735284	0.6047693	4.128756	0.92578053	2.7683864	4.0699763	3.1556795	2.8955262	3.9049332	3.3607576	2.9771755	3.3967853	3.2516763	1.8235095	0.898814	2.1837842	1.0460048	3.065235	2.61931	2.7546322	3.5966272	3.1045644	3.9479282	2.1490605	3.489424	0.8826102	3.867401	3.8975885	1.947168	2.9460003	1.0217575	1.3841156	1.018355	2.4634492	1.7794	3.9453986	2.6920178	3.821888	1.420192	3.3166668
anybody/pn	2.6101778	2.95434	1.8238584	2.762039	2.053549	2.5206332	3.1341448	0.0	0.3610617	0.23197524	2.8326159	2.8645318	2.3543775	2.7688103	2.7234273	2.1446533	1.9332385	2.862403	2.7200794	2.0559237	2.8906405	2.6914	2.4485686	2.4001126	2.589174	2.2040167	2.0322764	2.6354508	1.9321597	2.8857436	2.8320456	1.1836089	2.0499156	3.079148	2.1590817	1.0522294	1.8948761	2.5573773	2.0907862	2.5926523	2.374799	1.96531	2.0598996	1.7309191	2.7393384	2.9940066	2.1739402	2.78164	3.2392287	0.37246534	0.41582233	2.5870872	1.0322067	2.684672	2.468143	1.9010785	2.7552361	1.9258058	2.6790047	1.8714066	2.484971	2.4532561	2.8648021	1.7655627	1.0230088	1.5971841	0.81834793	1.1435254	0.44946608	1.7431664	2.596732	2.1378942	2.7129533	2.6078413	1.5313365	2.4279764	2.4422858	0.7690107	2.256627	2.0052414	1.8817432	2.0378861	2.5636375	1.9398931	1.9157059	2.3694558	2.7127485	2.1916656	1.2477564	2.9717727	2.25045	1.7013341	0.77467436	0.6281272	1.8528664	2.5824761	2.3872664	2.596006	2.4453857	0.40746477	3.1047487	3.2682364	1.0971234	2.148088	2.3486333	1.741245	1.3363991	0.91741544	2.2412565	2.920136	2.544177	1.2926719	1.8675607	1.1404973	2.1327066	3.02654	2.8825667	2.9696941	1.7660275	2.844063	0.40493965	0.5099946	2.695719	2.075552	0.69807005	1.144487	1.9499074	2.152477	2.7268174	2.1498895	2.7770398	0.63557845	0.67629087	0.9319492	1.6442378	0.90364087	2.265626	1.5102516	2.301268	2.8283544	2.2294812	2.7948854	2.401996	1.2126817	2.8225138	2.6842206	2.89518	2.3413367	1.4671292	2.6502578	1.6415967	1.901966	2.1650617	0.60632133
anyone/pn	2.6714747	2.6216893	1.837865	2.4286714	1.786124	2.382257	2.8064573	0.3610617	0.0	0.42944148	2.5219269	2.55791	2.373723	2.4706235	2.8413196	2.2344558	1.9039865	2.9153469	2.458671	2.023297	2.5777462	2.4239728	2.1884465	2.1052108	2.2584212	2.1502001	1.692827	2.3663063	1.9726111	2.57262	2.5256352	1.0472699	2.1906037	2.7480884	1.8699235	0.8218882	1.9140697	2.6436677	2.2188473	2.639729	2.110783	2.0998664	2.0636675	1.6869898	2.4303763	2.6789925	1.9467741	2.449408	2.9106019	0.5790199	0.36228052	2.2729924	0.79871655	2.39054	2.3791282	2.0028296	2.8536153	1.9143534	2.339582	1.9964262	2.5158877	2.1322567	2.5594645	1.7351152	1.1061289	1.7506161	1.0082134	1.3487076	0.6847546	1.9020941	2.3178608	2.1983318	2.4434793	2.7055109	1.1979502	2.1033137	2.3055143	0.8428981	1.9679884	1.728851	1.8177533	2.1460235	2.608183	1.7428144	1.9558476	2.325136	2.7840025	2.250098	1.2021984	2.6546004	2.0736256	1.4083791	1.0356661	0.85623	1.9868585	2.285725	2.4480925	2.6915803	2.4881644	0.5292858	2.7801526	2.9346945	0.76360345	2.2444022	2.3301291	1.424457	1.0221884	0.803758	1.9534588	2.601869	2.3019822	0.96389484	1.9293671	0.8924318	2.0346029	2.696822	2.9552317	2.6623113	1.6765058	2.9153721	0.55624735	0.4535958	2.7484033	2.1078336	0.7270694	1.2680492	1.9938669	1.9310565	2.401313	1.9792272	2.4798903	0.67196137	0.5280238	0.79302955	1.7754724	0.9634597	2.3914099	1.2551249	2.3548648	2.5093267	2.347709	2.8421652	2.2020187	1.25034	2.5249488	2.394525	2.588619	2.2173307	1.1664037	2.72088	1.5517653	2.0512364	1.9122396	0.8509507
anything/pn	2.7714174	2.9552636	1.7380669	2.779095	2.1366367	2.597401	3.1574686	0.23197524	0.42944148	0.0	2.8468366	2.8765192	2.4989958	2.8156402	2.8710248	2.06286	2.115413	3.0241654	2.658085	1.9748609	2.937734	2.6378992	2.4000673	2.4691439	2.6239455	2.3662176	2.0525043	2.6699343	1.8889295	2.92839	2.8541765	1.2993059	1.9555541	3.09247	2.1001756	1.1340553	1.786844	2.7357829	2.194843	2.7693448	2.391306	1.8548238	2.0251472	1.9188055	2.7796466	3.0333543	2.1271088	2.812555	3.2467694	0.5352719	0.51670706	2.5805671	1.1363044	2.7570782	2.545012	1.8902104	2.900912	2.1043255	2.681962	1.7590173	2.653609	2.4878592	2.9195464	1.9443786	1.1805162	1.5167396	1.0053082	1.1106398	0.5983363	1.6346151	2.6770158	2.0532641	2.6760159	2.7729394	1.5644083	2.4315526	2.5030522	0.59540206	2.2230566	1.9479152	2.0540006	1.97109	2.7188213	1.8797939	2.0806384	2.4706728	2.8824186	2.3798468	1.4083539	3.007376	2.339403	1.6272607	0.9045038	0.7531767	1.7460662	2.5853665	2.5713875	2.7695105	2.6219416	0.56293845	3.1212595	3.275679	1.168251	2.1067543	2.520887	1.7800893	1.392395	1.0596396	2.1770713	2.9408503	2.4768867	1.2836221	1.857094	1.2327197	2.2809064	3.021607	3.0421193	2.9685442	1.9339329	3.0155327	0.61955863	0.7015763	2.8617787	2.0037909	0.9171113	1.3338183	1.8789978	2.242496	2.7634077	2.2658372	2.801965	0.45000294	0.8077108	0.7832358	1.5588394	0.7404264	2.3934407	1.4221237	2.4429314	2.827495	2.1820366	2.967719	2.4725509	1.2854853	2.8393273	2.6310592	2.8786433	2.3969216	1.5336632	2.8094134	1.7917337	1.8352131	2.184029	0.623281
arm/nn	3.772553	0.4985609	2.8669424	1.1400197	1.7786407	2.4604201	0.98927337	2.8326159	2.5219269	2.8468366	0.0	0.5886076	3.284859	1.356429	4.2026577	3.5233433	3.179131	4.097688	1.4513125	2.8940063	1.5299897	1.4219214	1.3965206	1.3904815	1.2747937	3.1093485	1.0265615	1.2110534	3.1621544	1.4138837	1.1969157	2.6838667	3.6663437	0.80228764	1.7351571	2.4345517	2.9947233	4.094118	3.728829	3.8075027	1.529195	3.5348487	3.112436	3.0710146	1.4850261	1.4296324	1.5515879	1.2733915	0.69669455	2.8027167	2.4935052	1.3112121	1.9889634	1.7355369	2.6657531	3.3213072	4.139508	3.2420242	0.80719805	3.3429527	3.6985233	1.0901747	1.6261506	3.031382	3.0790195	3.4432926	3.1017687	3.3109624	2.925805	3.4655433	1.8590684	3.3682446	1.3429135	4.0452495	1.8070225	0.49908486	2.324062	2.775744	1.6612405	1.9110348	2.9361582	3.500279	3.715516	1.7090206	3.3974352	2.924093	4.0855937	3.7248058	2.8741307	1.3819437	2.117557	1.8563864	3.2025647	2.9773672	3.516486	1.0014043	3.8501189	4.134773	3.7323678	2.7042394	0.690521	0.7847226	1.9224524	3.5411818	3.4074895	1.2267809	1.6373615	2.657862	1.8166828	1.136581	1.5234001	1.6343436	3.0699708	1.8361843	2.8879545	0.6508901	4.1365557	0.474175	2.8162448	4.0783315	2.921215	2.6731372	3.951688	3.213008	2.691883	3.2375162	3.069917	1.8620161	1.3298554	2.2403975	1.0264237	2.7309828	2.3016965	2.451288	3.3853257	2.804564	3.8811457	1.9515873	3.4301732	0.34470525	3.7111397	3.9444864	1.9512382	2.65376	0.7890573	1.2174307	0.49536467	2.3376422	1.6246094	3.926127	2.7333639	3.6198764	1.5659465	2.9879837
army/nn	3.5445926	0.59188414	2.6697378	0.84295875	1.5141705	2.0827801	0.90664935	2.8645318	2.55791	2.8765192	0.5886076	0.0	3.0488074	0.9356914	3.9639115	3.3388865	3.0084872	3.83931	1.1566205	2.695912	1.2902253	1.0653719	1.0636069	1.2857301	0.97902954	2.8691945	1.0118271	0.83213574	2.9444225	1.2082205	0.9368338	2.5612407	3.4994934	0.8583354	1.5412582	2.3460002	2.8045084	3.8954613	3.4949932	3.5896368	1.1445647	3.38066	2.8576183	2.9376698	1.173623	1.1661913	1.304502	1.2047898	0.8014358	2.832889	2.5447206	0.9666801	2.018094	1.5552467	2.3229709	3.092617	3.8817723	3.0651405	0.7402212	3.2035313	3.461715	0.80987585	1.4186847	2.8668272	2.9860795	3.318454	3.0676076	3.2324715	2.920728	3.338613	1.6184938	3.1722612	0.97596335	3.8276498	1.7057054	0.7832747	1.9464985	2.7473457	1.4078039	1.7296635	2.752987	3.3017254	3.4637716	1.5327756	3.2078428	2.6147194	3.8624582	3.5579426	2.758733	1.0665778	1.7629025	1.7461653	3.1642733	2.9549465	3.3693743	0.54342204	3.6623313	3.928045	3.5156136	2.7609518	0.64199793	0.94628346	1.938034	3.314524	3.175697	1.2799331	1.6670095	2.5889626	1.6085447	0.77536565	1.2958359	1.6520598	2.8290484	1.8332137	2.6465197	0.81391436	3.8824692	0.3083793	2.649481	3.8508835	2.9267287	2.667984	3.708267	3.0051227	2.7221093	3.1512623	2.8485591	1.5393243	1.1615466	1.939394	0.51000255	2.7265532	2.3417163	2.416341	3.232111	2.7429776	3.6471007	1.8254447	3.20327	0.41145855	3.5030873	3.7118366	1.5638838	2.5299828	0.23625515	0.96216625	0.47525662	2.0038629	1.5941876	3.6836784	2.550616	3.4543722	1.2828577	2.9599552
artist/nn	0.5555228	3.4322941	2.326017	3.0079546	2.0093243	1.4495472	3.322497	2.3543775	2.373723	2.4989958	3.284859	3.0488074	0.0	2.5468304	1.0478612	2.6349092	1.2005476	1.2230557	3.1652372	2.5851004	2.847672	3.0483	2.835846	2.4634407	2.783817	1.0615261	2.7337146	2.461168	2.1885517	2.908627	2.8908105	1.909567	2.6622472	3.4318175	3.0009923	2.130979	2.5585032	1.2917628	1.0777376	0.8572752	2.367573	2.69012	2.1657543	1.3852123	2.7177248	2.944495	2.6035933	3.107267	3.585186	2.1146162	2.2402105	2.9144247	2.0739205	2.588872	1.2726895	1.7811937	0.9960486	1.1665597	3.1869006	2.6226315	1.0219594	2.6597433	2.8053558	1.2536193	1.6381279	2.4608703	1.7037708	2.2220333	2.0104802	2.6050391	2.3524911	2.601502	2.9815116	0.941213	2.4161801	3.1411	1.488027	2.5191548	2.8586938	2.9079409	1.1808293	2.390249	0.76641697	2.5432897	1.0288198	0.90459365	1.1396085	1.196679	1.6183122	2.9318566	1.4140561	2.8716033	1.8384863	1.8869239	2.6566064	2.7565885	1.1601313	1.2231579	0.9883325	2.1986947	3.3436508	3.685048	2.3089714	2.2478797	1.0587482	2.524987	2.3395178	1.9247899	3.0781016	2.9875753	3.0690215	2.5287871	1.6902329	1.9704168	1.2166837	3.5363264	1.0804375	3.2865193	1.3371803	0.9598242	2.104713	2.0524635	1.0222164	2.4822087	1.8931429	1.4988881	2.239321	1.6405813	2.927126	1.2795966	2.7243211	2.5816488	2.054078	2.6567888	2.4034052	2.497092	0.9752854	2.6771696	0.241749	3.2846653	2.4228752	0.91521156	1.6812509	1.4605573	2.895034	3.217828	3.3582027	1.553201	2.2218122	0.8612307	1.335451	2.4362538	2.249589	2.0923016
association/nn	3.0070832	1.2068856	2.6110184	0.6305346	1.0179038	1.5827672	0.99950993	2.7688103	2.4706235	2.8156402	1.356429	0.9356914	2.5468304	0.0	3.437219	3.2312171	2.4476087	3.2276719	1.4834114	2.613323	0.6741405	1.2991254	1.2581985	0.8599676	0.53742915	2.2823002	1.1007506	0.74188095	2.7641225	0.7475816	0.6628675	2.1526644	3.4156892	1.1649231	1.5567662	2.0220542	2.7627232	3.3252985	3.0568078	3.018715	0.8887103	3.3469806	2.6197486	2.4016168	0.5808997	0.6391861	1.4362644	0.9800354	1.2999685	2.7398007	2.500835	0.87236345	1.947943	0.8964698	1.8932154	2.870498	3.3333669	2.5166657	0.96751654	3.225895	2.8855097	0.5890537	0.81411475	2.3870642	2.644454	3.2131236	2.828538	3.101458	2.7740157	3.314356	0.85477525	3.072557	1.2243843	3.2949026	1.433704	1.3271952	1.5322462	2.747767	1.3512824	1.67427	2.2119153	3.1626873	2.9104095	1.686644	2.6820505	2.1415854	3.2613976	3.001536	2.339771	0.5564855	1.2347149	1.7463099	2.9722905	2.80669	3.3061042	0.7762259	3.0887632	3.3634982	2.948125	2.6869571	1.0568169	1.4075949	1.8165724	3.1154385	2.5720062	1.3717006	1.6382768	2.270394	1.5886835	0.6250067	1.6200097	1.6987118	2.6271243	1.7433627	2.008702	1.3271048	3.3060298	1.2023914	2.126627	3.2831788	2.728164	2.4643326	3.1062534	2.880485	2.5464442	2.7934928	2.745895	1.0056838	0.7740217	1.3576264	0.55476683	2.7222793	2.2509081	2.4241514	3.112832	2.722591	3.1670609	1.8266394	2.7206132	1.2060925	3.3220754	3.1174994	1.0670462	2.34583	0.83774036	1.3393629	1.3322134	1.6684154	1.4821862	3.1312575	2.0501668	3.3165035	0.9896301	2.862717
boss/nn	0.6288381	4.3400607	2.8330321	3.8632817	2.7915912	2.2104814	4.2498803	2.7234273	2.8413196	2.8710248	4.2026577	3.9639115	1.0478612	3.437219	0.0	2.9419699	1.5444924	0.8338862	3.9768524	3.1055026	3.7149405	3.875651	3.6585903	3.3287864	3.6229115	1.4666198	3.563106	3.3648121	2.5895631	3.7756603	3.7931871	2.3662035	2.9004703	4.357565	3.6893742	2.6520257	3.017832	0.80963117	0.99121463	0.78158325	3.1804192	2.9649515	2.5981803	1.749532	3.5574355	3.8322062	3.419764	3.9822528	4.5207458	2.513709	2.7423613	3.7218637	2.756011	3.41746	2.003662	2.1097724	0.2387893	1.4669726	4.0578165	2.9464233	0.9324831	3.5346975	3.6505115	1.5998977	1.9447505	2.7311263	1.962673	2.4820962	2.3574471	2.8630693	3.1703348	2.9727309	3.8150733	0.4098982	3.1041565	4.0178113	2.3003292	2.94276	3.571728	3.548904	1.6500019	2.6796772	0.71598035	3.3198411	1.244227	1.5858942	0.8069549	1.1162038	2.027741	3.7998075	2.267119	3.5228283	2.070398	2.216955	2.9378786	3.6340609	0.96153957	0.65837735	0.8788245	2.6255507	4.278107	4.6126137	2.9659677	2.5122235	1.2541555	3.3456352	3.0827584	2.3804955	3.7558675	3.8630974	3.8630629	3.2357686	2.1395323	2.707501	1.7594008	4.4545493	0.5543986	4.2046604	1.8725377	0.602191	2.4327047	2.4721344	0.75369257	2.8949893	2.3328693	1.6700507	2.688883	2.4981325	3.7796142	2.1161942	3.6221395	2.9999256	2.6278305	3.1546702	2.6921387	2.918669	0.6207593	3.3230364	0.88996655	4.1920595	2.6247673	0.7945843	2.541387	2.010257	3.8031824	4.0479746	4.2662354	2.328737	2.9896362	0.4826691	1.8758342	2.6605508	3.1044447	2.4253225
boys/nn	2.9437296	3.6016114	1.0204216	3.3653443	2.833543	2.8335981	3.700513	2.1446533	2.2344558	2.06286	3.5233433	3.3388865	2.6349092	3.2312171	2.9419699	0.0	2.8452485	3.324265	2.967374	0.7510014	3.4030323	2.8724816	2.6435187	3.0907388	3.2620754	2.8472412	2.962998	3.144719	0.5655682	3.3820293	3.2064304	2.3855212	0.45897034	3.698304	2.8513143	2.369239	0.9073987	3.191066	1.9723972	3.1308646	2.8921642	0.65416557	0.73672396	2.8144097	3.2309706	3.4487646	2.1956441	3.4688885	3.8177752	2.1577249	2.2285674	3.149724	2.392209	3.276379	2.7146564	0.961822	2.964203	2.8126664	3.3616662	0.9910766	2.991204	3.122159	3.3766077	2.7395828	2.1911192	0.66206837	2.208484	1.141952	1.9589128	0.8566201	3.1457114	0.2088106	3.020543	3.0405962	2.635485	3.2413037	2.6244621	1.6931039	2.9262927	2.772524	2.723247	0.3773981	3.0497394	1.9579701	2.6404026	2.6582737	3.2025373	3.0236864	2.4438705	3.4483445	2.6471636	2.575998	2.0697362	2.009778	0.57177544	3.048415	3.105308	3.1398761	3.0541139	2.156372	3.6819031	3.8937068	2.5171523	0.47837803	2.9876447	2.7403343	2.525386	2.3592336	2.8665476	3.410314	2.8525553	2.4827561	1.190116	2.3673575	2.6859024	3.6581523	3.2729146	3.434661	2.7445588	3.2402787	2.24951	2.303652	3.166868	0.38349038	2.4098415	2.3619568	0.8769793	2.7330103	3.3266373	2.7113016	3.2286904	1.9671462	2.1864238	2.065062	0.59281135	1.5151688	2.353857	2.2689447	2.5251024	3.44888	0.43613213	3.1795359	2.7954867	1.9211605	3.2545729	3.0690405	3.3678918	2.6506324	2.557524	3.0872955	2.520434	0.4712273	2.4022377	1.821785
boy/nn	1.2429223	3.2485628	2.5253246	2.7899904	1.6069914	1.8841316	3.1252768	1.9332385	1.9039865	2.115413	3.179131	3.0084872	1.2005476	2.4476087	1.5444924	2.8452485	0.0	1.2608377	3.224137	2.729284	2.6069353	3.0917234	2.8674984	2.2704384	2.4849496	0.55407894	2.401262	2.5588021	2.4190109	2.7186763	2.7811265	1.122927	2.8643003	3.2271981	2.8146937	1.442508	2.6909032	1.0695227	1.4508541	0.9855242	2.4023194	2.9013488	2.3549664	0.30061495	2.554078	2.7423925	2.6427724	2.7678094	3.4344244	1.7924875	1.8783627	2.7878103	1.6588202	2.307456	1.8749993	2.1731367	1.4765387	0.15609753	2.956078	2.8865356	0.8509845	2.4027963	2.57933	0.41842878	1.0462358	2.523004	1.406349	2.1682239	1.7234153	2.7899897	2.0641649	2.81741	3.0552373	1.2769421	1.8982146	2.9251676	1.9695917	2.3482666	2.720832	2.6990135	0.3937011	2.6368577	1.1836675	2.5922892	0.49372816	1.5742654	1.1540476	0.62717605	0.79111916	2.784596	1.5741068	2.5763922	1.6400617	1.7130532	2.7825267	2.7126057	0.7887813	1.154165	0.8000698	1.8878907	3.198866	3.4838848	1.77398	2.5466046	0.5770861	2.1799285	1.9081237	1.2009981	2.883683	2.903507	3.1489499	2.1951597	2.1240394	1.6856543	0.70686084	3.3581421	1.4159936	3.2308316	0.44715467	1.3132744	1.5762709	1.482981	1.093828	2.6818602	1.4581877	1.0139027	2.5204942	1.5796223	2.6725166	1.2503293	2.7152543	2.31485	1.7193846	2.3819776	2.5095174	2.355001	1.3535569	2.4477324	1.2411252	3.1651645	2.7025347	1.1531159	1.8924376	1.6555545	2.878419	3.1870403	3.2922163	2.0218065	1.7881837	1.2690657	0.5939469	2.6168542	2.156884	1.955952
brother/nn	0.8640857	4.185694	3.0724382	3.677895	2.5356686	2.1444733	4.036081	2.862403	2.9153469	3.0241654	4.097688	3.83931	1.2230557	3.2276719	0.8338862	3.324265	1.2608377	0.0	3.9325476	3.3801417	3.4931667	3.8144157	3.6121266	3.1956887	3.4006128	1.1446658	3.4245446	3.241128	2.9348552	3.598758	3.6368766	2.222015	3.2953048	4.170484	3.6408203	2.5439022	3.2563114	0.674647	1.4536431	0.6549446	3.0814552	3.3462172	2.8780184	1.5204997	3.3976057	3.6103752	3.425155	3.757599	4.3543363	2.6720319	2.8430393	3.5992227	2.732692	3.2163098	2.0081027	2.493512	0.65742075	1.2020026	3.9080899	3.3239157	0.6442736	3.3260634	3.4582167	1.387117	1.9665672	3.091185	2.1673636	2.8218486	2.5648804	3.252283	2.9480608	3.3254473	3.7471466	0.7449268	2.9665787	3.9170084	2.2818992	3.144565	3.50496	3.5165932	1.4349005	3.0581193	0.61306214	3.3808057	1.0623847	1.6014423	0.5028199	0.9338063	1.8930669	3.6142285	2.1337147	3.4893105	2.3166006	2.4498827	3.2931244	3.5018477	0.7689947	0.6621223	0.57648736	2.8064768	4.0907407	4.437137	2.8972087	2.9115741	0.89697605	3.243692	3.0116057	2.3018239	3.703513	3.7175927	3.845798	3.216146	2.4643333	2.7127864	1.520453	4.3062096	0.37297195	4.0861826	1.5952605	0.6186944	2.53159	2.5108094	0.29135954	3.2257285	2.4261982	1.7894458	2.9747827	2.3221934	3.608087	1.9278418	3.471873	3.1569865	2.7258296	3.2541893	3.0433047	3.1281636	1.1274444	3.3277311	1.2021707	4.0690403	3.0532186	0.6705437	2.4178517	2.2360384	3.6687799	3.9756594	4.1702137	2.327644	2.8781235	0.5599608	1.6603949	3.0638165	3.004747	2.6731389
bush/np	3.673999	1.3540549	2.199345	1.3311774	1.855036	2.0545313	1.6354908	2.7200794	2.458671	2.658085	1.4513125	1.1566205	3.1652372	1.4834114	3.9768524	2.967374	3.224137	3.9325476	0.0	2.3760192	1.8343751	0.26842332	0.4527835	1.8177032	1.4914874	3.0897188	1.387858	1.1307186	2.6603515	1.785309	1.4387755	2.5942414	3.0670774	1.5792363	1.0167452	2.3492699	2.3031301	4.0165725	3.408939	3.7729979	1.034545	2.8914416	2.598108	3.1511126	1.6373587	1.7477801	0.99546623	1.7577488	1.574197	2.7349882	2.4627125	0.98331183	2.1788805	2.0850682	2.2191584	2.7783353	3.8984823	3.2468617	1.2656453	2.6728532	3.6223605	1.3739588	1.9563822	3.0563328	2.973989	2.9783847	3.0217674	2.9892278	2.8148887	2.8581965	2.0993686	2.7952783	0.3208104	3.9172678	1.7746972	1.3596486	1.8727319	2.3553107	0.98380643	1.2305729	2.9880507	2.9244468	3.520944	1.186374	3.2986474	2.5594313	3.9833786	3.717125	2.8395598	1.6164131	1.9385569	1.3102965	3.0171866	2.8071294	2.9389675	0.8555748	3.8228755	4.0339093	3.677401	2.7064826	1.4632976	1.7006122	2.0664978	2.990049	3.39034	1.649993	1.8956577	2.621278	1.059798	1.3193614	0.29616517	1.5995349	2.4875052	1.9792364	2.890195	1.4169683	3.9565232	1.1921997	2.8849921	4.007848	2.8753448	2.6621253	3.82555	2.674504	2.7914462	3.1630008	2.4017391	1.826348	1.7039298	2.1970024	1.1265944	2.3588836	2.3866282	1.9891839	2.8436792	2.324763	3.6077704	1.3354859	3.2729573	1.1980022	3.1710653	3.9130344	1.6976175	2.3446171	1.1351625	0.32710177	1.0960234	1.840372	1.859867	3.748131	2.7104187	3.0986686	1.4178411	2.7103648
businesses/nn	2.9832475	2.9349856	0.94129056	2.701812	2.3605044	2.5037563	3.0300145	2.0559237	2.023297	1.9748609	2.8940063	2.695912	2.5851004	2.613323	3.1055026	0.7510014	2.729284	3.3801417	2.3760192	0.0	2.753936	2.257873	2.040266	2.4905632	2.6296191	2.7052755	2.37561	2.5781753	0.59914327	2.7192929	2.536546	2.1567478	1.0927795	3.0256515	2.2944136	2.065018	0.8676976	3.2751956	2.1721132	3.1474185	2.3459218	1.1329211	0.6024088	2.6713448	2.5825825	2.7868934	1.5993491	2.8171756	3.1382637	2.0995078	2.0565498	2.515928	2.064607	2.6690595	2.4718857	1.2125762	3.1005778	2.7245047	2.6933079	1.283812	2.99546	2.5101457	2.7326877	2.6255226	2.168159	1.0718037	2.2280426	1.3772024	1.9395348	1.2592312	2.5705085	0.5870091	2.423931	3.1465373	2.1411414	2.6209478	2.2801096	1.60751	2.364386	2.2534592	2.5552104	0.9185668	3.0679748	1.4035641	2.6308186	2.5037215	3.2718832	3.0384767	2.3032722	2.782043	2.2566066	2.068318	2.1578553	2.028248	1.0544176	2.4356012	3.1358414	3.243726	3.068189	2.04311	3.0183437	3.212925	2.1176403	0.94004923	2.9028113	2.21214	2.072202	2.1624699	2.2982275	2.7428412	2.3040843	2.0134506	1.2703884	1.9902394	2.4572573	2.9857795	3.3572907	2.7867804	2.5476487	3.3106093	2.1764836	2.1442387	3.2098122	0.41704056	2.2815778	2.375587	0.94757324	2.2872028	2.662625	2.3518112	2.6077697	1.8445164	1.9363265	1.8013291	0.9795239	1.4322109	2.534106	1.8026018	2.538546	2.8035183	1.0414126	3.2076802	2.356029	1.8283432	2.6291993	2.4443398	2.7194726	2.3373353	2.0979276	3.153018	2.3231337	1.073849	1.8167163	1.8626026
business/nn	3.2793918	1.287487	2.8620868	0.72180355	1.3112532	2.080647	0.867001	2.8906405	2.5777462	2.937734	1.5299897	1.2902253	2.847672	0.6741405	3.7149405	3.4030323	2.6069353	3.4931667	1.8343751	2.753936	0.0	1.6432931	1.6097374	0.7280065	0.6721481	2.51137	1.2283782	1.2899696	2.9607868	0.3732184	0.54418445	2.250039	3.6221075	1.0573899	1.7748243	2.1031804	2.981378	3.5263987	3.309566	3.2602282	1.3918506	3.5764453	2.797181	2.5145218	0.5599086	0.22076207	1.7095808	0.61867684	1.2654016	2.9052458	2.654405	1.1678412	2.1097677	0.48233682	2.3802729	3.1458797	3.6236737	2.692834	0.9657164	3.499391	3.1210833	0.861123	0.3182057	2.594853	2.7977452	3.3863835	3.0072565	3.2634895	2.9300928	3.5499403	0.61895776	3.249458	1.6404775	3.5578833	1.5018451	1.4291043	2.045394	2.9340682	1.6347544	1.8838918	2.3830128	3.3725	3.2251172	1.9488536	2.8931284	2.573777	3.4870949	3.1713533	2.4751241	0.47463548	1.6969086	1.9052575	3.1750576	3.0097988	3.5065238	1.261086	3.2745855	3.577312	3.1842508	2.8169827	1.1111614	1.3058903	1.9110428	3.3241274	2.782471	1.5038456	1.761436	2.381534	1.7727764	0.8434188	1.9803358	1.8496015	2.9435365	1.9368857	2.148244	1.2921195	3.5974128	1.4732304	2.3060112	3.5377433	2.8403938	2.5863962	3.360123	3.052866	2.6900463	2.964769	3.0111654	1.4407907	0.4221492	1.7218946	1.1071241	2.8957958	2.3838072	2.6016705	3.3057604	2.9112294	3.4288301	2.03114	3.0105226	1.4198195	3.5113335	3.347165	1.6019759	2.6591527	1.3004779	1.627255	1.5672443	2.180257	1.6334699	3.42412	2.233803	3.5094304	1.1795372	3.0706646
campaign/nn	3.5584164	1.2875892	2.1195793	1.1897291	1.6951805	1.965628	1.4945743	2.6914	2.4239728	2.6378992	1.4219214	1.0653719	3.0483	1.2991254	3.875651	2.8724816	3.0917234	3.8144157	0.26842332	2.257873	1.6432931	0.0	0.28756234	1.6752608	1.3284286	2.9495285	1.2929236	1.0460268	2.5488846	1.6154935	1.2514143	2.4755373	2.9949708	1.4691358	1.0410821	2.2452083	2.2234228	3.9034607	3.2970102	3.6511822	0.95627254	2.841039	2.4590273	3.0247922	1.4713526	1.5532012	0.8454687	1.5954747	1.4929806	2.7053936	2.435966	0.89789194	2.105586	1.9055605	2.1465936	2.6838868	3.7913272	3.1177588	1.167262	2.6534762	3.4944513	1.2082076	1.778076	2.9399898	2.8775802	2.9021685	2.9707987	2.92136	2.7710114	2.825112	1.9059973	2.694632	0.33164588	3.81114	1.6670786	1.316901	1.7792792	2.345548	0.9902783	1.2519844	2.8522482	2.8306499	3.4212716	1.0885375	3.1753213	2.4749699	3.8605626	3.599562	2.7252016	1.452501	1.799743	1.303068	2.9778938	2.775553	2.8707545	0.7270717	3.7032635	3.9209554	3.5565197	2.6787014	1.3582796	1.6192261	1.9900591	2.8825643	3.2543235	1.5548073	1.8074284	2.525019	1.0714749	1.1951085	0.48432687	1.5641274	2.4012706	1.9100376	2.7270873	1.3511492	3.8493345	1.12802	2.7491956	3.888728	2.823051	2.6029284	3.7040906	2.562706	2.7427456	3.0859973	2.3156254	1.6792669	1.544903	2.0516114	0.9958263	2.3602226	2.336276	1.9940426	2.7678542	2.3015704	3.4993997	1.3142282	3.160826	1.1534625	3.0702767	3.779258	1.5753571	2.305685	1.0246396	0.36205953	1.0560751	1.7841071	1.7503452	3.6461544	2.5732539	3.013776	1.2085629	2.6880562
candidate/nn	3.3452816	1.317913	1.8788288	1.2071466	1.5148897	1.8420693	1.5162567	2.4485686	2.1884465	2.4000673	1.3965206	1.0636069	2.835846	1.2581985	3.6585903	2.6435187	2.8674984	3.6121266	0.4527835	2.040266	1.6097374	0.28756234	0.0	1.562485	1.2856222	2.7348895	1.1516736	1.0013623	2.3151944	1.5875237	1.2216465	2.2447195	2.7606275	1.4916431	1.0152041	2.0201697	1.9908099	3.681589	3.054882	3.4371817	0.8901117	2.610087	2.2283974	2.7988503	1.4420028	1.5389028	0.5823998	1.557341	1.5448296	2.4524956	2.1894176	0.935527	1.8542415	1.8205543	2.001659	2.439808	3.5791407	2.8911233	1.1684436	2.4267156	3.2754436	1.1162589	1.7331063	2.7076683	2.622091	2.6521204	2.7177885	2.6594563	2.5146232	2.5884695	1.7982099	2.4690444	0.47536308	3.5929992	1.4846916	1.2382429	1.6380353	2.1089811	0.97729045	1.1956358	2.6255987	2.5923686	3.221018	0.8211782	2.9421923	2.3011827	3.6479356	3.373288	2.4838805	1.4664208	1.6236706	1.1783727	2.723744	2.5220685	2.6331418	0.6872053	3.4809628	3.6985748	3.337301	2.4304388	1.390052	1.6645998	1.7663697	2.647647	3.0410974	1.3502413	1.577926	2.2839732	1.0655951	1.2389797	0.5196533	1.3558903	2.1603308	1.6654717	2.5139205	1.3906151	3.6463122	1.1436934	2.5261388	3.6760788	2.5751915	2.358885	3.495741	2.3363218	2.494447	2.8380728	2.0790627	1.5008166	1.5094839	1.8629814	0.98675376	2.1341076	2.0857236	1.7874506	2.5236118	2.0631218	3.2649758	1.1323293	2.940118	1.1606798	2.8353436	3.5666308	1.4387544	2.06128	1.004976	0.51137507	1.0734179	1.6430041	1.5209471	3.4395785	2.3386912	2.770011	0.990507	2.435976
car/nn	2.9040594	1.3639607	2.570231	0.93819827	1.1743344	1.83333	1.1920598	2.4001126	2.1052108	2.4691439	1.3904815	1.2857301	2.4634407	0.8599676	3.3287864	3.0907388	2.2704384	3.1956887	1.8177032	2.4905632	0.7280065	1.6752608	1.562485	0.0	0.86531895	2.2223406	1.0150423	1.1487228	2.634818	0.62025636	0.77021706	1.942729	3.2880912	1.2636883	1.6467338	1.7813349	2.7149909	3.1654286	2.9211745	2.9106839	1.2379916	3.2295063	2.535585	2.1500573	0.6906761	0.845788	1.5599836	0.94374114	1.4347328	2.3828487	2.1514056	1.1871942	1.6423682	0.522474	2.0779345	2.7878597	3.2668285	2.3616753	1.0159246	3.1189861	2.7982576	0.925816	0.6072728	2.22936	2.3889008	3.0122335	2.4727967	2.8215454	2.404433	3.157928	0.660104	2.9577842	1.6179605	3.176453	1.2487959	1.2336198	1.7828333	2.51007	1.508425	1.6997929	2.044484	3.0507658	2.8764718	1.706913	2.5478194	2.2345243	3.1535447	2.801376	2.1168416	0.8186095	1.442415	1.6992676	2.6634278	2.4778433	3.1719983	1.2529806	2.9167309	3.212436	2.8417804	2.2564466	1.292144	1.4945223	1.5028135	3.0047204	2.4793766	1.1682194	1.3656433	2.0028462	1.6815406	0.9797463	1.8732082	1.4567425	2.58942	1.4284697	1.8848921	1.3958149	3.2597723	1.4871452	1.9920552	3.1867537	2.3471313	2.108786	3.0378273	2.7652574	2.1357841	2.4813864	2.715465	1.1949317	0.60104334	1.4454947	1.1309012	2.4686153	1.8301388	2.230135	2.949386	2.5137608	3.0386384	1.7872975	2.609238	1.3920126	3.1794305	3.0210588	1.3813959	2.1507342	1.3015635	1.6345522	1.5548699	1.8716078	1.2799767	3.0627677	1.9194778	3.154585	1.0571134	2.569104
charity/nn	3.2194648	1.0317729	2.659558	0.3592583	0.9934368	1.8948836	0.94600576	2.589174	2.2584212	2.6239455	1.2747937	0.97902954	2.783817	0.53742915	3.6229115	3.2620754	2.4849496	3.4006128	1.4914874	2.6296191	0.6721481	1.3284286	1.2856222	0.86531895	0.0	2.4013357	0.79251266	1.0257918	2.8199222	0.7359109	0.7532657	1.9974552	3.434301	1.0418968	1.3229308	1.806091	2.778242	3.4320223	3.1926353	3.1833687	1.0195515	3.3613317	2.6900797	2.3857496	0.5780534	0.68719363	1.4755353	0.7512345	1.2133579	2.6186724	2.3425272	0.72526896	1.8073571	0.8971905	2.1960926	2.9831452	3.5288713	2.5595236	0.6876802	3.2516036	3.0282805	0.41852707	0.8206356	2.4120212	2.5742943	3.186712	2.7722294	3.048858	2.6717465	3.3143418	0.9232735	3.108581	1.2895468	3.458554	1.1288575	1.107315	1.8571942	2.6080043	1.1778259	1.4393988	2.2644963	3.2150998	3.107355	1.6956003	2.7523084	2.4122853	3.4116468	3.065999	2.25664	0.6009667	1.5096012	1.462746	2.9159956	2.7419055	3.2943606	0.82897747	3.183514	3.4866219	3.0816424	2.5514464	1.0200177	1.2674582	1.569484	3.196649	2.691864	1.1593035	1.42093	2.1123838	1.3466791	0.64795274	1.6253636	1.4531866	2.7615254	1.6400033	2.1144636	1.1684725	3.5035653	1.1902742	2.1325977	3.4786963	2.5731711	2.2966235	3.2738786	2.918623	2.4388254	2.753041	2.825517	1.2102923	0.5905622	1.5665213	0.7620034	2.543632	2.121047	2.2175426	3.102916	2.5968182	3.313738	1.6182644	2.9377418	1.0952938	3.3914971	3.3076735	1.3896486	2.4032457	0.95025533	1.2671858	1.2659504	1.9497049	1.2981052	3.3204894	2.0616143	3.3360875	1.083958	2.783349
