	actress/nn	advance/vv	agency/nn	aids/nn	alan/np	america/np	anybody/pn	anyone/pn	anything/pn	arm/nn	army/nn	artist/nn	association/nn	boss/nn	boy/nn	brother/nn	bush/np	business/nn	campaign/nn	candidate/nn	car/nn	charity/nn	child/nn	citizen/nn	city/nn	company/nn	competitor/nn	convict/nn	country/nn	court/nn	criminal/nn	dad/nn	daughter/nn	district/nn	dog/nn	employee/nn	enterprise/nn	entrant/nn	environment/nn	europe/np	everybody/pn	everyone/pn	fbi/np	folk/nn	food/nn	fred/np	friend/nn	girl/nn	government/nn	grandparent/nn	group/nn	grower/nn	grown-up/nn	guy/nn	her/pp	him/pp	horses/nn	household/nn	house/nn	husband/nn	individual/nn	iranian/nn	irvin/np	it/pp	judge/nn	jury/nn	kid/nn	kitty/np	lady/nn	leland/np	lord/np	mama/nn	man/nn	management/nn	mater/nn	matter/nn	me/pp	member/nn	mom/nn	mother/nn	myself/pp	nation/nn	nicaragua/np	other/nn	parent/nn	peasant/nn	people/nn	person/nn	plaintiff/nn	planner/nn	president/np	public/nn	rashad/np	reader/nn	rear/vv	russia/np	ryan/np	schwartzkopf/np	scout/nn	sister/nn	somebody/pn	someone/pn	son/nn	stomach/nn	stranger/nn	student/nn	taxpayer/nn	teacher/nn	team/nn	that/dd	them/pp	theory/nn	thing/nn	thomases/np	topic/nn	trek/np	troop/nn	twin/nn	university/nn	us/pp	veteran/nn	veto/nn	vietnamese/nn	washington/np	white/nn	wife/nn	woman/nn	wwf/np	you/pp
actress/nn	0.0	3.7194831	3.2281642	2.380915	1.4285464	3.5777	2.1343396	2.3180368	2.4183118	3.7055862	3.3238833	1.1231629	2.7442348	0.8279589	1.1540854	0.8945461	2.742957	3.4260032	2.9264112	2.8315806	3.078109	3.0286794	1.0027331	2.906085	2.3951943	3.3032706	3.5112758	1.7829148	3.661027	2.5028024	2.029701	0.95234793	0.83140224	2.0927804	1.3401215	2.7394388	3.54963	2.7069068	3.2385519	3.8664951	2.1874456	2.2387311	2.7774339	2.006632	3.3179266	1.5234812	0.95988756	1.0504869	3.3934798	0.9473306	2.8852367	3.4173033	1.072985	1.6818218	1.5447778	1.9102575	2.259194	2.5589707	2.6253395	0.7730492	2.399343	3.5960197	1.652241	2.3828158	2.1993048	2.4125412	1.0791436	0.90468967	1.137523	0.8175382	0.8959077	1.0073209	1.6144665	3.279976	1.3071691	2.6956234	1.8831074	2.7870698	1.0247887	0.8783114	1.9440818	3.6518924	3.9597068	2.6200733	0.87909377	2.4078274	2.162062	1.977285	2.505664	3.3034675	2.3124387	2.3936267	0.9788744	1.8144617	1.7155007	3.7434857	0.7238074	3.2668235	1.2514822	0.77782255	1.895958	1.8901954	0.8137198	1.7348171	1.108738	1.702421	3.1889048	1.4369688	2.906935	2.4566417	1.8851901	2.7717774	2.3837488	0.93071365	2.6719658	0.39498565	3.5214858	0.87040114	1.7988156	1.4505101	2.759591	3.0874329	3.427427	1.9221402	2.030079	0.7858635	1.601673	1.817276	2.1336315
advance/vv	3.7194831	0.0	1.2681736	1.6353457	2.8316712	0.6848916	3.2424881	3.0646434	3.3517253	0.42295164	0.6083289	2.6360111	1.3609071	3.6421063	3.9176419	4.501377	1.708173	1.2512021	1.5845869	1.4711812	1.444401	1.3149686	3.4425585	0.91871303	1.6872027	1.3480409	1.1252598	2.8298223	0.46078303	2.056962	2.500825	4.3779964	4.416342	2.01083	3.8327577	1.6032405	0.94109666	1.2872009	1.147938	0.34015706	3.2928338	3.1055396	1.5815617	2.641147	1.4815633	2.8887777	4.402494	3.8939188	0.63496184	4.239991	0.9168762	1.3626236	3.6297143	3.3310082	3.4261928	3.248851	3.430486	1.9633493	1.7336028	4.2395654	1.8910558	0.41938263	2.6578999	3.390372	2.2326598	2.108742	3.5165052	4.4645596	3.631971	4.2965293	4.5254416	4.3810234	3.1111948	1.3634859	2.6604242	1.7083365	3.4085028	1.0563802	4.476869	4.350626	3.1355684	0.3154285	0.3087636	1.7226616	3.9215124	1.7866752	2.318196	2.868473	2.0640523	1.202218	2.173788	1.8833141	2.9946842	2.2730548	2.7390852	0.23013343	4.177491	0.7693624	3.5360625	4.4462147	3.2297084	2.9636986	4.343956	3.12383	3.6957896	2.1073806	1.383466	2.3886478	1.3268429	3.4330459	2.7897155	1.652933	3.2219348	4.216236	1.7358586	3.376146	0.3577625	4.509439	2.2457256	2.907322	1.1029998	1.3978193	0.59921855	2.2892385	2.2395942	4.3721733	2.9080632	2.5407984	3.4521565
agency/nn	3.2281642	1.2681736	0.0	1.24453	2.362925	0.996141	3.1291475	2.9579756	3.2905183	1.4779534	1.097542	2.2465231	0.8107519	3.0966783	3.4603324	3.9708443	1.6187246	0.58272636	1.5421683	1.5050019	1.0318002	0.6478743	2.969225	1.0468152	1.39798	0.6038701	0.67817086	2.394498	1.1490227	1.3270546	2.1230035	3.865321	3.8486485	1.495096	3.428184	0.7482177	0.6926901	1.4205114	0.9222347	1.328348	3.2808034	3.122789	0.6458188	2.6485007	0.81051236	2.4575105	3.8637822	3.4236798	0.75036395	3.703491	0.9102146	0.6663723	3.2627137	3.0682626	3.253534	3.1119094	3.340514	1.2583882	1.5327114	3.6791575	1.5004107	1.2906073	2.231818	3.310639	1.5458428	1.4008194	3.1199505	3.932966	3.1967137	3.7294788	3.9580925	3.8977437	2.7649584	0.31036288	2.2241924	1.032066	3.3023372	1.0297918	3.9835553	3.8318975	3.1037133	1.1153538	1.394693	1.4092846	3.40168	1.8737215	2.2904723	2.6289628	1.2543397	0.28091225	2.0170615	1.9080476	2.7076492	2.1531217	2.155447	1.3762178	3.6022463	1.2791646	3.074338	3.9274485	3.091977	2.7500534	3.7526414	3.0855267	3.3411748	1.748625	0.70323426	1.9501083	0.49753478	3.3824818	2.747849	1.2146621	3.1218545	3.687124	1.2151554	2.9094012	1.1760693	3.9381068	1.8377904	2.762952	1.1257285	1.387667	1.3635436	1.9657524	2.009153	3.8475263	2.5774882	2.265809	3.3801641
aids/nn	2.380915	1.6353457	1.24453	0.0	1.9342768	1.3428534	2.305368	2.2088296	2.533364	1.6771426	1.4520804	1.3440814	1.0121455	2.4034698	2.3879004	3.1107762	1.7694538	1.2232338	1.8124626	1.6399812	1.1003278	0.797513	1.9315853	0.81686956	1.3090982	1.2041749	1.3779595	1.4238424	1.458303	1.5677413	1.2761202	2.906402	2.98418	1.3761568	2.3261793	0.804507	1.3130729	1.2631658	1.0039852	1.7358346	2.4536731	2.2958348	1.2448117	1.7043793	1.2195078	2.0517359	3.0674713	2.3853614	1.2608336	2.7586675	0.8369763	1.2635045	2.1636539	2.0219898	2.3562748	2.3166327	2.5352268	0.73885435	1.68112	2.864527	0.7282176	1.560645	1.8585885	2.5564117	1.5789332	1.5117769	2.0162826	3.0597472	2.1518493	2.965223	3.1496909	2.8987575	1.6952678	1.2356405	1.5331495	1.1002923	2.5019658	1.0772293	3.0101511	2.8915365	2.2799327	1.5205554	1.84982	0.8664726	2.4281015	0.9625416	1.3726169	1.6421833	1.5135164	1.3766845	1.8743558	1.2339789	1.9363036	1.2649894	1.1537621	1.7222065	2.845856	1.4209883	1.9908755	3.033242	2.187167	1.8726938	2.9494627	2.195438	2.3921106	0.9047985	1.0199032	1.0836586	1.1737093	2.6495626	1.9478941	0.95168763	2.3790667	2.886571	1.0276306	2.0876892	1.5306174	3.0668378	1.4127692	2.0295968	0.9919347	1.7782218	1.6078221	1.6814996	0.87550175	2.987796	1.4577398	1.2012147	2.580147
alan/np	1.4285464	2.8316712	2.362925	1.9342768	0.0	2.8018646	2.4285781	2.4869828	2.689993	2.8837345	2.3698	1.1673329	1.8194131	1.1032184	2.2742295	2.0375986	1.5762324	2.7149875	1.7310355	1.7443398	2.4103882	2.3686602	1.7302227	2.2014716	1.2647288	2.5521	2.720501	2.0915399	2.8434072	1.6072656	2.0622447	2.1962602	2.052003	0.91205883	2.3864744	2.0936036	2.7831075	1.8773191	2.6396263	2.9728994	2.4904997	2.478904	1.8300594	2.181242	2.6431808	0.2081028	1.9222568	2.2201736	2.5570197	2.0505843	2.0751126	2.7032323	2.0239031	2.362924	2.0384586	2.1796618	2.60284	2.1725075	1.3830854	1.7854012	2.12349	2.7769964	0.32702175	2.7192166	1.2660038	1.6329018	1.9726205	2.0452557	2.1506622	1.7147391	2.0276155	2.3332279	2.2024214	2.4844837	0.63129795	2.097182	2.2056167	1.8288419	2.3239398	2.1023471	2.1754348	2.765166	3.0596232	2.2691596	1.8787974	2.176473	2.1696317	2.3358092	1.6628358	2.364843	1.2296556	2.1040335	0.8990513	1.7434142	1.8491849	2.8450875	1.6137434	2.3977568	2.168524	2.1096997	2.2952144	2.1591597	1.8549577	1.9945632	1.9655658	1.1478275	2.5553753	1.073146	1.936898	2.7630818	1.9272397	2.3319013	2.6800954	1.8037671	2.2071636	1.2246132	2.6147473	2.14794	0.7024595	1.3445163	1.9236684	1.9453368	2.5143569	0.620121	2.0576422	1.9480081	2.0834699	2.0220442	2.4565997
america/np	3.5777	0.6848916	0.996141	1.3428534	2.8018646	0.0	3.242955	3.0578756	3.3713808	0.9544727	0.97934145	2.5047424	1.1853942	3.5273788	3.6958268	4.3458176	1.9266495	0.8181827	1.8294592	1.7306054	1.2759824	0.94751394	3.2189772	0.89923924	1.6916418	1.0179342	0.82254523	2.6147892	0.28873152	1.9739255	2.3326526	4.1879807	4.2311826	1.9752866	3.6231303	1.3356826	0.47283247	1.5216727	0.7093697	0.5844683	3.3362823	3.1472974	1.445567	2.6349332	1.1506711	2.8827944	4.2574162	3.6816154	0.6654229	4.030394	0.81221026	0.9978214	3.4460092	3.1903374	3.4274511	3.2934442	3.4276214	1.6370348	1.8944604	4.0773935	1.6706967	0.8870018	2.6479397	3.3830242	2.1599197	2.0028343	3.3128119	4.2990036	3.4302611	4.1520853	4.365448	4.1894026	2.919964	1.0203267	2.562093	1.4945556	3.45431	1.1570234	4.292136	4.160897	3.2064612	0.45757532	0.7199861	1.5198028	3.7071528	1.7328403	2.2800028	2.7235708	1.9435107	1.0462716	2.3340073	1.9048809	2.984388	2.2446523	2.4456549	0.8561254	4.0266705	1.1041127	3.2964303	4.2684536	3.206719	2.9056854	4.1697373	3.1866632	3.5934033	1.9875623	1.0806105	2.2374635	1.1835297	3.445694	2.8597112	1.3829683	3.1893861	4.074287	1.4998684	3.2522814	0.8524533	4.3200445	2.2014182	2.9748673	1.2021128	1.6438518	1.125602	2.3327787	2.0342948	4.2134504	2.710099	2.400787	3.480183
anybody/pn	2.1343396	3.2424881	3.1291475	2.305368	2.4285781	3.242955	0.0	0.34338874	0.41121176	3.039723	3.0482395	1.8841028	2.9816334	2.1659412	2.0703294	2.6876876	2.5954876	3.2472627	2.7822998	2.5356271	2.9417877	2.9427354	2.0450358	2.5013375	2.7792807	3.2689984	3.348022	1.275482	3.2565527	2.398422	1.192596	2.4229891	2.4831083	2.545191	1.8811277	2.7295196	3.310967	2.1788936	2.7521758	3.4685469	0.46672913	0.4888853	2.7772057	0.91351134	3.260987	2.5776958	2.3958588	1.8819098	2.9668312	2.5396712	2.7400289	3.322167	1.7596462	0.9939808	0.7204337	0.5365251	0.38665968	2.6288264	2.7122478	2.3737798	1.8052133	2.958652	2.603059	0.7060565	2.2798762	2.2238634	1.8424438	2.7638144	1.5964395	2.7626379	2.730603	2.3200731	1.2520367	3.2234588	2.3056376	2.2515247	0.6043631	2.6641562	2.366544	2.506849	0.5865495	3.2914305	3.471485	1.8989005	2.352549	1.6693635	1.0914596	0.96218854	2.422048	3.2522082	2.2339563	1.4537162	1.7251099	1.2866098	2.2017148	3.1675916	2.5447023	3.0051758	1.9015203	2.5219564	0.3121727	0.49042106	2.6450522	0.772589	1.193122	2.1737187	2.980294	2.1475813	2.9865768	0.74902683	0.7227654	2.1431687	0.78203946	2.196452	2.0972779	1.9871911	3.1209798	2.6687527	2.5206773	1.2683076	2.677465	2.8214939	2.9665146	2.537852	1.5999922	2.4368525	1.4401819	1.4747822	0.47900158
anyone/pn	2.3180368	3.0646434	2.9579756	2.2088296	2.4869828	3.0578756	0.34338874	0.0	0.37674642	2.8616822	2.90541	1.9525017	2.882585	2.3129475	2.2704456	2.9168036	2.4844327	3.073792	2.6622093	2.4082797	2.8308265	2.802548	2.2021666	2.349068	2.728171	3.126288	3.185682	1.2613409	3.0720928	2.2431087	1.0807878	2.6534898	2.7000313	2.4987879	2.0809114	2.6078181	3.129156	2.0428553	2.5474033	3.2899165	0.60586137	0.5367346	2.6287482	0.9209494	3.1245697	2.6463366	2.6021712	2.07952	2.7799058	2.7510762	2.6073084	3.1678152	1.9679081	1.1414851	1.0059521	0.7521875	0.4829803	2.5457401	2.6246402	2.5745285	1.6524467	2.7701755	2.6509583	0.6418858	2.1685119	2.061387	2.0250502	2.9915714	1.7707524	2.9627967	2.944735	2.5589032	1.3393043	3.0615299	2.377418	2.0456192	0.8277493	2.5424292	2.6102087	2.731805	0.785697	3.1138468	3.278955	1.7009487	2.547473	1.5534583	1.0019714	0.94838107	2.2650504	3.0923498	2.1688037	1.292611	1.8622595	1.2582579	2.2364728	2.9819233	2.7300906	2.8840277	2.051276	2.7460654	0.56602275	0.5583961	2.8452072	1.0077901	1.4371462	2.1847126	2.825662	2.1880825	2.8514967	0.6865224	0.81492466	1.9262235	0.6400945	2.3948624	1.8812975	2.13624	2.9615636	2.8870509	2.5350406	1.3926508	2.5822573	2.6699588	2.8159235	2.5460234	1.5456263	2.657944	1.5120499	1.4974307	0.6422789
anything/pn	2.4183118	3.3517253	3.2905183	2.533364	2.689993	3.3713808	0.41121176	0.37674642	0.0	3.1391113	3.1874216	2.162662	3.1970038	2.4500754	2.3813834	2.9764802	2.7271419	3.4107013	2.91298	2.659857	3.1675198	3.1393433	2.3898263	2.651192	3.009174	3.4662814	3.520941	1.5413564	3.375308	2.5298975	1.4168047	2.7235947	2.7646575	2.7735372	2.1881578	2.9437602	3.454929	2.3108993	2.875811	3.584022	0.44690958	0.47652626	2.9469028	1.0741503	3.4660747	2.8432558	2.6470606	2.1714776	3.0891924	2.8604927	2.912398	3.506616	2.0950239	1.2511034	1.0011003	0.76481146	0.29649556	2.88119	2.8796942	2.652368	1.9939216	3.0482194	2.8706675	0.42522305	2.4427536	2.3497038	2.1768174	3.0663188	1.8783801	3.051922	3.0001652	2.611644	1.5334797	3.3992772	2.610764	2.3690379	0.72757024	2.8320544	2.6557863	2.809065	0.7713084	3.4114125	3.563062	2.0310783	2.6885648	1.8240545	1.2595605	1.1847819	2.5598643	3.4170487	2.3753242	1.5552617	2.002971	1.4877189	2.524678	3.2599432	2.8173728	3.1585343	2.2057598	2.790603	0.63101983	0.8157554	2.9312112	1.0467685	1.484217	2.4602056	3.1614552	2.448303	3.1694875	0.42116404	0.94332683	2.2555144	0.5621843	2.456589	2.2034967	2.260423	3.2443945	2.9486206	2.7913845	1.4962896	2.8702052	2.9297962	3.0800126	2.7796497	1.8362818	2.7136898	1.7325695	1.7528329	0.44874975
arm/nn	3.7055862	0.42295164	1.4779534	1.6771426	2.8837345	0.9544727	3.039723	2.8616822	3.1391113	0.0	0.7607873	2.6259968	1.5562313	3.6454637	3.8550315	4.488547	1.7737546	1.4260503	1.6805533	1.5120571	1.4482604	1.4594243	3.4177225	0.95318335	1.8126645	1.5123401	1.2932538	2.7290158	0.7565216	2.1265461	2.3818753	4.3409276	4.3988023	2.1097589	3.743654	1.6825664	1.177261	1.2073354	1.2200463	0.6800628	3.0937462	2.9018064	1.7237906	2.4715998	1.5978297	2.94518	4.384652	3.8268642	0.79813427	4.22863	1.0839596	1.5224365	3.5576713	3.1882493	3.2683313	3.0709953	3.227789	1.9940308	1.8384966	4.225814	1.8124691	0.33391765	2.726231	3.196775	2.2936187	2.1533225	3.4575706	4.4599996	3.5527725	4.304894	4.5153174	4.3270993	2.997794	1.5599277	2.7022667	1.733676	3.2345243	1.1896065	4.4271336	4.3323083	2.9434304	0.7019384	0.6168155	1.6410964	3.9065652	1.6479063	2.1488097	2.7160857	2.1339948	1.4311588	2.188617	1.724826	2.9509835	2.153888	2.7308958	0.33795673	4.181873	0.80187577	3.4753754	4.426609	3.0457702	2.7918167	4.3430285	2.9371405	3.5867581	2.1338305	1.468147	2.4132576	1.5283128	3.2338893	2.611677	1.6250764	3.037117	4.190745	1.7223078	3.359835	0.51974976	4.49609	2.323358	2.7994077	1.1565305	1.506952	0.5780156	2.3575792	2.1527658	4.352907	2.8094225	2.4165323	3.2596955
army/nn	3.3238833	0.6083289	1.097542	1.4520804	2.3698	0.97934145	3.0482395	2.90541	3.1874216	0.7607873	0.0	2.2608378	0.9869378	3.2409072	3.6251152	4.1092525	1.314762	1.2463349	1.2066916	1.1016902	1.2713568	1.1922495	3.1423395	0.78049505	1.2325971	1.2236612	1.1139263	2.627163	0.8786759	1.7179738	2.3187516	4.0335503	4.037531	1.5479751	3.5656276	1.3317806	1.0461004	0.950304	1.2650486	0.8437487	3.098285	2.9302583	1.229001	2.4519687	1.3780055	2.4165764	4.024993	3.593954	0.6401837	3.8955956	0.69876134	1.2961348	3.3489342	3.117983	3.1397152	2.977383	3.2512262	1.74639	1.2887573	3.8587089	1.7512705	0.6369658	2.1819212	3.2210884	1.849989	1.7913251	3.2344928	4.0741005	3.3510852	3.8777812	4.1235766	4.04723	2.8943868	1.215846	2.2388635	1.5264579	3.143816	0.649432	4.1348443	3.9960346	2.8776062	0.68957454	0.86716735	1.6269664	3.5883448	1.6648588	2.1560636	2.6993637	1.7290173	0.95685077	1.7812624	1.709915	2.589035	2.0012317	2.4781559	0.666167	3.7687573	0.3693098	3.2611878	4.0734887	3.0139103	2.749325	3.9468696	2.8478343	3.3927047	1.7285522	1.2695493	2.005007	0.9598263	3.2666621	2.521197	1.5842803	3.0659802	3.8503656	1.6082741	2.9753335	0.28799215	4.1258845	1.787179	2.544866	0.64043504	1.0775623	0.3499356	1.8139684	2.0775523	3.9963965	2.6845078	2.3023512	3.2421374
artist/nn	1.1231629	2.6360111	2.2465231	1.3440814	1.1673329	2.5047424	1.8841028	1.9525017	2.162662	2.6259968	2.2608378	0.0	1.750941	1.3905165	1.5223128	1.9516639	1.9577066	2.3972557	2.1113522	1.9676174	2.070853	1.9984578	1.1321307	1.8219856	1.513198	2.2927334	2.4741364	1.2641828	2.581968	1.7903792	1.358066	1.8484896	1.8625116	1.3262676	1.5497352	1.7588818	2.4880736	1.7242382	2.1995606	2.7868106	1.948039	1.8864406	1.8834487	1.3840988	2.3149824	1.2974133	1.9584006	1.4615455	2.3262665	1.7600464	1.812147	2.399717	1.3039641	1.4735597	1.5451764	1.7186321	2.077695	1.6301084	1.8384862	1.7623779	1.4659476	2.5147653	1.2417803	2.1302283	1.5658449	1.7052972	1.193819	1.9155594	1.3022777	1.8031628	1.9666845	1.8373162	1.2547367	2.2913127	0.7964133	1.7943974	1.8030307	1.7649856	1.9359049	1.8139905	1.6712787	2.5756915	2.8795903	1.6616036	1.4836423	1.4131694	1.376597	1.4542642	1.7790498	2.3143933	1.6937869	1.4727508	0.8269182	0.94406134	1.1021072	2.6729913	1.701957	2.1869068	1.2609005	1.8495437	1.663683	1.5035073	1.8253883	1.4905294	1.4481113	0.71896493	2.1657825	0.5217363	1.9411598	2.2183037	1.4306965	1.8208996	2.0395658	1.8279562	1.7507913	0.78749186	2.4401982	1.9155047	1.0809066	1.1719589	1.6858956	2.2222552	2.3655005	1.3006569	1.1414111	1.8430257	1.0750518	1.0379646	2.0096853
association/nn	2.7442348	1.3609071	0.8107519	1.0121455	1.8194131	1.1853942	2.9816334	2.882585	3.1970038	1.5562313	0.9869378	1.750941	0.0	2.6572516	3.063704	3.4813244	1.4150829	1.036756	1.3694413	1.3465178	0.9926485	0.81511825	2.5225477	0.991522	0.71565473	0.8595331	0.9957212	2.2570539	1.2895141	1.4010569	2.0625374	3.420311	3.4058442	0.98571706	3.065506	0.80094165	1.0578762	1.2754624	1.248511	1.4190857	3.1000273	2.9591773	0.80287457	2.4243927	1.0235224	1.8777574	3.444831	3.0600946	1.0660204	3.2349923	0.6777018	1.0159066	2.8456368	2.8406994	2.9542074	2.9029834	3.2020705	1.1608881	1.2024448	3.2417023	1.5208342	1.4428182	1.6241381	3.2147918	1.4457729	1.4802808	2.7019143	3.4274871	2.8747234	3.221261	3.4857442	3.46543	2.5362284	0.8492173	1.61321	1.3162067	3.0638354	0.7390696	3.5475776	3.3679197	2.8536077	1.2203162	1.5598129	1.5317804	2.9331057	1.701647	2.133171	2.4935396	1.3622788	0.7557807	1.7300397	1.8152254	2.2035174	1.8743252	1.8198496	1.4863045	3.1303897	1.0485632	2.7204113	3.4617302	2.8921604	2.5905328	3.2845557	2.75853	3.013821	1.1640238	1.0370992	1.3844488	0.45899191	3.2854252	2.492623	1.4549066	3.0547514	3.2865355	1.4489833	2.429911	1.18168	3.4769495	1.1850007	2.3727462	0.6977439	1.34616	1.2902974	1.3736001	1.7996659	3.3932703	2.3027625	2.0090928	3.1937048
boss/nn	0.8279589	3.6421063	3.0966783	2.4034698	1.1032184	3.5273788	2.1659412	2.3129475	2.4500754	3.6454637	3.2409072	1.3905165	2.6572516	0.0	1.6268746	1.1338362	2.4498885	3.3811712	2.6347604	2.5862343	3.0621734	2.995144	1.2391698	2.867654	2.2330377	3.255279	3.4660115	1.9009105	3.593612	2.2288814	2.0493016	1.2909142	1.1092961	1.857211	1.7924607	2.6906202	3.5049815	2.5919852	3.2067585	3.7887125	2.2740762	2.3363283	2.5814648	2.1945343	3.2948146	1.1977984	0.86556655	1.5422122	3.3013198	1.2130282	2.8281093	3.3774211	1.4350345	1.9716251	1.6521274	1.9465022	2.2937782	2.5941687	2.3383307	0.75474584	2.4104877	3.5323424	1.38013	2.4832315	1.8876472	2.1681862	1.4591544	1.2262374	1.5768831	0.932132	1.1471286	1.4830302	1.892898	3.1875925	1.1809467	2.5903811	1.9152781	2.6599512	1.4054286	1.2163097	2.030193	3.5665963	3.875045	2.6253386	1.1603724	2.5203133	2.2881827	2.1622217	2.2593045	3.1679463	1.9846356	2.4512143	0.96366507	1.9740762	1.8579305	3.6484985	0.70632124	3.2427943	1.6995233	1.2386582	1.9984701	1.9527442	0.9429602	1.8356545	1.2880574	1.7090623	3.160312	1.5030109	2.7633	2.5357933	1.928618	2.742995	2.4969363	0.721989	2.6267638	0.92773324	3.4506245	1.2745005	1.6275356	1.4050175	2.730344	2.8180423	3.3582191	1.6697032	2.1847808	0.9666784	1.8931348	2.059379	2.1532083
boy/nn	1.1540854	3.9176419	3.4603324	2.3879004	2.2742295	3.6958268	2.0703294	2.2704456	2.3813834	3.8550315	3.6251152	1.5223128	3.063704	1.6268746	0.0	1.3419365	3.335253	3.4960368	3.5015628	3.3418877	3.1119363	3.088708	0.7110187	3.0545616	2.9038522	3.4045258	3.6338031	1.4710222	3.7963233	3.0023503	1.8893807	0.85203385	1.1720515	2.690383	0.30934626	2.8406322	3.6606748	3.0371687	3.2622302	4.0459323	2.2225018	2.2472012	3.1555805	1.9744729	3.3483505	2.3807557	1.5345372	0.32369944	3.5785549	0.9149484	3.1076436	3.4776697	0.4907826	1.2456743	1.6627642	2.036451	2.2094595	2.4689384	3.2404957	1.3193408	2.3197317	3.7733042	2.4313185	2.3711386	2.7717016	2.8707552	0.46851128	1.3057638	0.5845219	1.5353969	1.4440092	0.67621225	1.142889	3.4427438	1.889041	2.8974028	2.0758448	3.14066	0.865525	0.976516	2.086297	3.8491244	4.1533966	2.5988505	0.7352488	2.3742158	2.0895853	1.6494979	2.96539	3.5818982	2.983902	2.4960613	1.7170594	1.961422	1.4333975	3.9568338	1.4795555	3.512085	0.46594772	1.1715522	1.7986875	1.7818941	1.3453	1.8633671	1.114946	1.9996455	3.2111483	1.7560408	3.2592907	2.4778984	2.0777524	2.8066263	2.3483584	1.4578396	2.7834425	1.2786646	3.7612898	1.1751915	2.3929818	2.0004432	3.0239458	3.6113555	3.7104146	2.6331143	1.8199444	1.2779529	1.1685468	1.5580261	2.2039773
brother/nn	0.8945461	4.501377	3.9708443	3.1107762	2.0375986	4.3458176	2.6876876	2.9168036	2.9764802	4.488547	4.1092525	1.9516639	3.4813244	1.1338362	1.3419365	0.0	3.466582	4.1678457	3.647655	3.577171	3.7872157	3.7538261	1.3606405	3.686097	3.1109586	4.0251193	4.260493	2.406107	4.427576	3.2377148	2.7112315	0.5671366	0.45943555	2.807261	1.6007174	3.461286	4.314204	3.492622	4.0063143	4.6352644	2.7604256	2.8545597	3.520058	2.7211525	4.0250936	2.0834699	0.64387465	1.3355358	4.172722	0.62393844	3.6544678	4.1401343	1.3990667	2.2220566	2.0684547	2.4845574	2.7860491	3.228151	3.338807	0.5118813	3.1359987	4.391783	2.2582476	2.9743915	2.915595	3.157268	1.4619511	0.2673451	1.5885437	0.4596242	0.3409795	0.8060751	2.197663	4.0125065	1.9500694	3.4713938	2.4253728	3.5536208	0.6743016	0.45401663	2.5574577	4.4228225	4.7397385	3.3887918	0.8870751	3.1835868	2.9011247	2.6173902	3.2427921	4.049008	3.0072992	3.1924458	1.7014183	2.6210601	2.269667	4.527295	0.5693523	4.051386	1.6745634	0.43559757	2.458946	2.5096488	0.35929054	2.3235443	1.5156271	2.4321692	3.9187284	2.16482	3.6560934	3.0389948	2.5684474	3.545607	3.0164635	0.78820527	3.455113	1.2721388	4.308883	0.36335552	2.478094	2.1417718	3.534144	3.8320568	4.2232995	2.5935924	2.745258	0.33386126	2.225901	2.5160582	2.6555955
bush/np	2.742957	1.708173	1.6187246	1.7694538	1.5762324	1.9266495	2.5954876	2.4844327	2.7271419	1.7737546	1.314762	1.9577066	1.4150829	2.4498885	3.335253	3.466582	0.0	2.0745075	0.22487554	0.28766042	2.0150902	1.8693541	2.8058054	1.4050753	1.07103	2.0171754	2.026528	2.449929	1.8636361	1.0947931	2.139372	3.5050988	3.4160597	0.99113655	3.327012	1.781266	1.997255	0.8832434	1.930172	1.9148922	2.6053517	2.5069354	1.1927987	2.225176	2.1893451	1.6334847	3.251099	3.248539	1.5239552	3.3847706	1.3409414	2.141916	3.0077364	2.864497	2.5725458	2.4201381	2.7771537	2.1687558	0.34218287	3.1579745	1.8913444	1.6261189	1.491966	2.7923553	1.0706322	1.2084285	2.9450638	3.4742317	3.029028	3.2095263	3.4714086	3.5789235	2.7186518	1.870221	1.7616941	1.521187	2.5195096	0.91887236	3.6046724	3.4380188	2.3774273	1.7145063	1.8981808	1.8289297	3.1467903	1.8573929	2.0623753	2.554465	1.2308693	1.5646988	0.58847594	1.6725013	1.9131068	1.8032134	2.4833188	1.6412625	3.064269	1.5270025	3.0688174	3.4709938	2.58655	2.386178	3.3020875	2.36567	2.8275251	1.591218	2.0158827	1.7947605	1.2746503	2.8086123	2.0432076	1.8085741	2.701214	3.079457	1.6913713	2.4337208	1.5220474	3.5475614	1.3414744	1.834334	1.3061345	0.43935677	1.3790174	1.1066893	2.1589189	3.3161235	2.5901089	2.3209548	2.6769555
business/nn	3.4260032	1.2512021	0.58272636	1.2232338	2.7149875	0.8181827	3.2472627	3.073792	3.4107013	1.4260503	1.2463349	2.3972557	1.036756	3.3811712	3.4960368	4.1678457	2.0745075	0.0	2.0038054	1.9185102	0.8481185	0.5126054	3.0510316	1.104743	1.7072719	0.372828	0.40218914	2.4250164	1.0351212	1.7873073	2.1853418	4.000296	4.031499	1.882128	3.437014	0.79262054	0.38687682	1.6771668	0.72124726	1.2447417	3.4155478	3.2391036	1.1474355	2.7176874	0.47435907	2.8097744	4.106736	3.4851196	0.8378699	3.841244	1.0277195	0.2667297	3.3244712	3.0967607	3.4150527	3.2882419	3.4570622	1.1341854	1.9903301	3.899429	1.4967713	1.2992395	2.5747683	3.4204905	1.9921246	1.8144228	3.1688218	4.1175256	3.2549918	3.9580255	4.164184	4.0023537	2.7739038	0.37904948	2.4633124	1.265772	3.4880743	1.326518	4.111522	3.9864416	3.2585137	1.098177	1.3510492	1.4082621	3.518488	1.856133	2.3301735	2.6355202	1.6935285	0.7041626	2.447774	1.9954789	2.9583597	2.2601998	2.141255	1.4042603	3.839765	1.3106643	3.08349	4.10079	3.1992683	2.8492224	3.9593937	3.2280803	3.491997	1.9031403	0.45053342	2.1014254	0.94740486	3.502902	2.9126136	1.2338554	3.2149122	3.928265	1.3297929	3.109527	1.2286661	4.1072335	2.133352	3.0124295	1.2476599	1.8433292	1.4710358	2.3277853	1.9715486	4.0538607	2.5671816	2.246717	3.5328228
campaign/nn	2.9264112	1.5845869	1.5421683	1.8124626	1.7310355	1.8294592	2.7822998	2.6622093	2.91298	1.6805533	1.2066916	2.1113522	1.3694413	2.6347604	3.5015628	3.647655	0.22487554	2.0038054	0.0	0.31402406	1.9806368	1.8286783	2.9583764	1.3888522	1.0811045	1.9461216	1.9352767	2.5997844	1.754089	1.1884137	2.282522	3.6842687	3.6022172	1.0799598	3.493024	1.780786	1.9051955	0.940768	1.9002409	1.7794404	2.7968924	2.690059	1.179288	2.3891828	2.1304498	1.7760563	3.445792	3.425154	1.4347724	3.552204	1.2957821	2.0704384	3.176579	3.0393825	2.7765546	2.6195383	2.967708	2.197105	0.3808554	3.345547	1.9769379	1.5382336	1.6171188	2.9801364	1.2068278	1.3208593	3.10628	3.6481242	3.2057493	3.3832304	3.6541767	3.760685	2.878983	1.8000951	1.8953865	1.5754874	2.7265887	0.87654316	3.79007	3.6148787	2.572729	1.5886418	1.759513	1.9011496	3.3079143	1.9527553	2.2052794	2.7108355	1.314265	1.4661834	0.80323833	1.7957407	2.1066802	1.9614275	2.5867567	1.5210048	3.2465608	1.4520367	3.225818	3.6572886	2.7756624	2.5647197	3.4804435	2.5582826	3.0283077	1.6951967	1.9771786	1.9152423	1.2135386	2.997316	2.2335691	1.859686	2.8813775	3.2746701	1.7566546	2.6154687	1.4094069	3.7284074	1.4404016	2.0436418	1.2858098	0.2935794	1.2865028	1.2251799	2.272931	3.5043797	2.7378485	2.4548638	2.8762975
candidate/nn	2.8315806	1.4711812	1.5050019	1.6399812	1.7443398	1.7306054	2.5356271	2.4082797	2.659857	1.5120571	1.1016902	1.9676174	1.3465178	2.5862343	3.3418877	3.577171	0.28766042	1.9185102	0.31402406	0.0	1.8646919	1.7199699	2.8293302	1.1817961	1.1018586	1.8817027	1.8689959	2.3822513	1.6494309	1.1540368	2.0486903	3.576563	3.515247	1.1007578	3.3105588	1.6703234	1.8213303	0.64600015	1.7393271	1.7017797	2.546311	2.427964	1.1588682	2.1184516	2.0477238	1.8088208	3.3765152	3.2600794	1.3027618	3.4610906	1.1631631	1.9950464	3.0108392	2.8042774	2.5656888	2.3869293	2.7257285	2.0616148	0.5198019	3.2736766	1.7482709	1.3609916	1.6503584	2.729703	1.1836443	1.2434323	2.943039	3.5786903	3.0219617	3.3403597	3.5902839	3.631038	2.6553705	1.7512614	1.8452368	1.4146869	2.5068407	0.75069076	3.6709106	3.5197608	2.3308594	1.5027001	1.6722881	1.662454	3.2051487	1.6762896	1.9260594	2.4573786	1.2706791	1.4536134	0.76462984	1.5062293	1.9916631	1.7093534	2.4425392	1.3922861	3.195304	1.316021	3.050176	3.565709	2.5315874	2.3201122	3.4202116	2.3298895	2.852381	1.5725983	1.8540612	1.802248	1.2050366	2.7490633	1.9873415	1.653441	2.6259544	3.197153	1.559006	2.5092418	1.2868329	3.6449397	1.4312208	1.8705103	1.1383885	0.36608148	1.132374	1.2540131	2.0370317	3.424604	2.5184364	2.2187638	2.6451237
car/nn	3.078109	1.444401	1.0318002	1.1003278	2.4103882	1.2759824	2.9417877	2.8308265	3.1675198	1.4482604	1.2713568	2.070853	0.9926485	3.0621734	3.1119363	3.7872157	2.0150902	0.8481185	1.9806368	1.8646919	0.0	0.74421173	2.675389	1.1417845	1.4753914	0.6301439	0.74791014	2.1675708	1.390188	1.8366469	1.9653735	3.6131847	3.684601	1.6780204	3.044199	0.68224525	1.0343688	1.5272785	1.1240402	1.5163413	3.142231	2.97945	1.2635489	2.4557621	0.5309511	2.4823358	3.7871783	3.1341977	1.1411295	3.4664736	1.1101502	0.7143601	2.936582	2.7872028	3.052231	2.9675498	3.1884818	0.82961977	1.8952261	3.5585434	1.3567172	1.4270347	2.249689	3.2251961	1.9413595	1.8534019	2.7890325	3.7322538	2.9292173	3.5813615	3.7947538	3.6117845	2.4687247	0.8848656	2.1036425	1.4257277	3.1774654	1.3148022	3.7261748	3.6204531	2.921743	1.4122006	1.647411	1.3955948	3.1346123	1.6704596	2.0908067	2.3761685	1.7479296	1.0502241	2.3028	1.8369222	2.5906231	1.9865648	1.7720484	1.559293	3.498707	1.174493	2.7331614	3.7518847	2.8804219	2.5417976	3.5992093	2.8201754	3.1358633	1.5487744	0.65249854	1.7424037	1.0874234	3.3064926	2.5825953	1.3740145	3.0519311	3.6079814	1.4669604	2.7689412	1.31507	3.7442877	1.8155748	2.6654484	1.0195642	1.9078335	1.4445412	2.0393348	1.7369109	3.7028828	2.241396	1.8665441	3.2497818
charity/nn	3.0286794	1.3149686	0.6478743	0.797513	2.3686602	0.94751394	2.9427354	2.802548	3.1393433	1.4594243	1.1922495	1.9984578	0.81511825	2.995144	3.088708	3.7538261	1.8693541	0.5126054	1.8286783	1.7199699	0.74421173	0.0	2.6290789	0.850786	1.4444304	0.48934883	0.71347326	2.0809379	1.1171898	1.6412355	1.8747227	3.5845525	3.636081	1.5986146	3.037177	0.5073733	0.6963355	1.4444712	0.7667582	1.366886	3.1039975	2.935474	1.0265774	2.3801033	0.5560225	2.4642017	3.714178	3.0890815	0.8472558	3.4193642	0.76862866	0.5211611	2.9064398	2.7382498	3.0519056	2.9491653	3.1739843	0.79825187	1.768296	3.5053413	1.2033713	1.3169285	2.235638	3.1642733	1.7776523	1.654585	2.7485008	3.696131	2.8650749	3.5574453	3.7689252	3.5926595	2.4054675	0.54290557	2.0682652	1.146687	3.1581767	1.075327	3.7030807	3.5634313	2.9272387	1.161599	1.482565	1.1969105	3.0953524	1.5468228	2.010776	2.3112316	1.5603024	0.7760205	2.1763735	1.7287498	2.571923	1.9164373	1.7363201	1.4553807	3.452402	1.2302775	2.685321	3.700407	2.8657377	2.5248048	3.563546	2.8735015	3.1084418	1.4879578	0.38603997	1.6866876	0.82855725	3.2517972	2.5806324	1.1095015	2.9701543	3.537577	1.1932896	2.7220356	1.2310575	3.706106	1.7831807	2.6573248	0.989448	1.7211215	1.4307934	2.0107586	1.6031535	3.6481001	2.1818702	1.8726299	3.2320278
child/nn	1.0027331	3.4425585	2.969225	1.9315853	1.7302227	3.2189772	2.0450358	2.2021666	2.3898263	3.4177225	3.1423395	1.1321307	2.5225477	1.2391698	0.7110187	1.3606405	2.8058054	3.0510316	2.9583764	2.8293302	2.675389	2.6290789	0.0	2.6077907	2.32148	2.9377458	3.1680675	1.3313248	3.3138094	2.5349605	1.6650176	1.0404663	1.2429627	2.119427	0.8506833	2.3979707	3.1994731	2.595802	2.846517	3.55304	2.2128303	2.2107542	2.6516924	1.8592497	2.9099128	1.8321958	1.479893	0.8289827	3.118351	0.8813781	2.6065667	3.0323877	0.5360491	1.3908195	1.6493975	1.9819862	2.2340186	2.0707643	2.6816716	1.22585	1.9866785	3.3429146	1.8600539	2.425311	2.2855055	2.4317305	0.41491947	1.3032554	0.8877046	1.3982283	1.4873744	1.0675842	1.1755229	2.9693165	1.2916688	2.5017157	2.043176	2.6211827	1.1577181	1.0488687	2.0232968	3.3543978	3.6746535	2.275723	0.53942996	2.081272	1.9011903	1.6180922	2.5106888	3.0814803	2.4821239	2.2250345	1.3317972	1.7122406	1.0299448	3.4879456	1.3245435	3.0612028	0.7097683	1.30299	1.7970476	1.6970471	1.2832719	1.770587	1.1834614	1.4566799	2.7990918	1.2180415	2.7363849	2.5221686	1.9106127	2.4555755	2.3823817	1.3477768	2.4300845	1.0546368	3.2933416	1.3132193	1.8027601	1.72082	2.5511642	3.0823689	3.2568467	2.0604093	1.5463611	1.2762927	1.0903996	1.3987701	2.2004013
citizen/nn	2.906085	0.91871303	1.0468152	0.81686956	2.2014716	0.89923924	2.5013375	2.349068	2.651192	0.95318335	0.78049505	1.8219856	0.991522	2.867654	3.0545616	3.686097	1.4050753	1.104743	1.3888522	1.1817961	1.1417845	0.850786	2.6077907	0.0	1.2898874	1.1658841	1.1660987	1.9625682	0.8899006	1.5334046	1.6647323	3.5330136	3.5817277	1.4729922	2.9703405	1.0225052	1.0014722	0.77009463	0.8065971	1.1173853	2.576706	2.396226	1.1488917	1.8688253	1.2606813	2.2960777	3.5875428	3.0181785	0.60984355	3.4097183	0.39478487	1.2066511	2.7802148	2.4793088	2.6388185	2.4891593	2.7097	1.2984419	1.4122398	3.4218025	1.0726005	0.77974206	2.0859258	2.681125	1.6434599	1.5252521	2.6627183	3.6528854	2.7503986	3.5132108	3.7146306	3.5263674	2.2404704	1.1471342	1.9577626	1.0861033	2.6690996	0.61106783	3.6271698	3.5119576	2.4082565	0.8829479	1.1604667	0.96853185	3.0915923	1.0096787	1.5304476	2.0358615	1.5252548	1.0953233	1.6961831	1.1443282	2.248785	1.4595965	1.9230839	0.96540284	3.3831794	0.83577067	2.6647394	3.616783	2.4469395	2.1634402	3.5330727	2.3889036	2.8519163	1.350666	1.0000036	1.6115301	1.0049655	2.745391	2.0563936	0.9932242	2.50626	3.4005585	1.0606326	2.5708656	0.80247045	3.6762877	1.6538025	2.187127	0.64261603	1.2732868	0.86852723	1.7699606	1.3820933	3.5485938	2.038621	1.6904676	2.7355742
city/nn	2.3951943	1.6872027	1.39798	1.3090982	1.2647288	1.6916418	2.7792807	2.728171	3.009174	1.8126645	1.2325971	1.513198	0.71565473	2.2330377	2.9038522	3.1109586	1.07103	1.7072719	1.0811045	1.1018586	1.4753914	1.4444304	2.32148	1.2898874	0.0	1.5337906	1.6271464	2.2638376	1.716333	1.3582451	2.0835853	3.1270812	3.0819006	0.5189005	2.9329069	1.3228666	1.6891838	1.1982563	1.7471	1.7892799	2.8580637	2.750856	1.0832673	2.2834482	1.6725955	1.2859366	3.053199	2.892	1.5128919	2.9491541	1.0356685	1.6955068	2.6330292	2.7340233	2.6420038	2.6387715	2.9881022	1.5882125	0.78262645	2.8741212	1.7325476	1.7367564	1.0305117	3.044251	1.2535564	1.4518514	2.5236847	3.0744965	2.7324996	2.8252215	3.1197598	3.2027526	2.4875288	1.5103393	1.1787223	1.582446	2.7484758	0.82334346	3.2552328	3.0599496	2.5680797	1.6105361	1.905958	1.7811884	2.6759813	1.7642903	2.0862916	2.4726639	1.3863953	1.3279467	1.2533463	1.8061485	1.7331382	1.7410105	1.8858534	1.7444711	2.7393801	1.2826608	2.634667	3.1277504	2.6859794	2.4444566	2.930099	2.432416	2.7268796	0.9495757	1.6538209	1.1638229	0.93750113	3.0954638	2.217559	1.770897	2.930468	2.9020832	1.7177001	2.0915937	1.4792745	3.1629462	0.6486282	1.9383307	0.8895413	1.1996307	1.4480627	0.72429824	1.877248	3.0253024	2.2736807	2.0177805	2.9189215
company/nn	3.3032706	1.3480409	0.6038701	1.2041749	2.5521	1.0179342	3.2689984	3.126288	3.4662814	1.5123401	1.2236612	2.2927334	0.8595331	3.255279	3.4045258	4.0251193	2.0171754	0.372828	1.9461216	1.8817027	0.6301439	0.48934883	2.9377458	1.1658841	1.5337906	0.0	0.37797704	2.4310122	1.1991314	1.7733455	2.2178223	3.879818	3.9093661	1.729118	3.3623123	0.6596372	0.6282891	1.6665002	0.98088366	1.3563131	3.4459033	3.2796524	1.0835396	2.7457137	0.25652373	2.6307125	3.9990284	3.4112878	0.9620017	3.706942	1.030073	0.21142113	3.23923	3.0980482	3.3802645	3.2751355	3.5012484	1.008773	1.8889607	3.7791753	1.5535278	1.4122313	2.3885336	3.49438	1.9379444	1.8203216	3.0796576	3.9647124	3.2042906	3.798606	4.025449	3.8935344	2.7632926	0.35934216	2.2946322	1.367518	3.4828959	1.2794975	4.0001945	3.8596175	3.250114	1.2163887	1.4863956	1.524504	3.385714	1.9139854	2.373956	2.670099	1.6791575	0.64084977	2.3840535	2.060611	2.8447528	2.2541819	2.0246644	1.5049534	3.7039163	1.2540125	3.0113757	3.9822311	3.207564	2.858486	3.8188105	3.1875806	3.4371722	1.7619967	0.4672527	1.9557726	0.83608747	3.5774012	2.8992488	1.3925878	3.3022974	3.8269854	1.4644424	2.9931052	1.2625728	3.9750404	1.9508717	2.9456155	1.1390349	1.8284278	1.4812732	2.1613097	1.9908645	3.9328816	2.5401843	2.2092102	3.558964
competitor/nn	3.5112758	1.1252598	0.67817086	1.3779595	2.720501	0.82254523	3.348022	3.185682	3.520941	1.2932538	1.1139263	2.4741364	0.9957212	3.4660115	3.6338031	4.260493	2.026528	0.40218914	1.9352767	1.8689959	0.74791014	0.71347326	3.1680675	1.1660987	1.6271464	0.37797704	0.0	2.6020548	0.99470115	1.8555604	2.3486912	4.1153913	4.1417985	1.8638539	3.5771747	0.93634284	0.45598483	1.6585212	0.9112938	1.1064491	3.507629	3.332108	1.1980808	2.8189638	0.5152878	2.7970526	4.2152224	3.6307588	0.8498718	3.9514601	1.0483277	0.41225448	3.444383	3.247484	3.500581	3.3748758	3.5695221	1.291899	1.9289582	4.005208	1.6716173	1.2279707	2.5523512	3.5492454	2.052319	1.9058717	3.2945948	4.2040963	3.408168	4.034832	4.2587137	4.1214395	2.9356248	0.53077626	2.493023	1.4292531	3.5710888	1.3058388	4.2277822	4.097065	3.3276536	1.0182369	1.2300467	1.584108	3.6281958	1.9593074	2.4442008	2.793837	1.7755532	0.6883724	2.435491	2.0878801	2.99636	2.3469713	2.2820408	1.2818727	3.933025	1.1675613	3.2369819	4.203572	3.3081234	2.966982	4.059098	3.2802114	3.607252	1.9490858	0.67145383	2.1632912	0.9400709	3.6232953	2.9754655	1.4295839	3.35614	4.038955	1.5142437	3.1873605	1.0981599	4.214167	2.116562	3.0492656	1.1908892	1.783631	1.3334436	2.285702	2.1299293	4.155945	2.7200584	2.3712645	3.62879
convict/nn	1.7829148	2.8298223	2.394498	1.4238424	2.0915399	2.6147892	1.275482	1.2613409	1.5413564	2.7290158	2.627163	1.2641828	2.2570539	1.9009105	1.4710222	2.406107	2.449929	2.4250164	2.5997844	2.3822513	2.1675708	2.0809379	1.3313248	1.9625682	2.2638376	2.4310122	2.6020548	0.0	2.7128773	1.9794663	0.45776117	2.0578368	2.176934	2.0497384	1.3153064	1.8526993	2.580823	1.9750519	2.0513563	2.990739	1.5489874	1.4581175	2.1431327	1.1047329	2.3848963	2.2611942	2.2666824	1.3602434	2.428016	2.0605202	2.1331928	2.4687972	1.2891939	0.77959627	1.374848	1.418037	1.4808474	1.5947956	2.4486976	2.1086903	1.00343	2.6156976	2.2161732	1.5655625	1.8821354	1.8054812	1.21833	2.4188206	1.0530254	2.4164417	2.435248	1.9731615	0.48172238	2.4109101	1.7577416	1.6383684	1.5826405	2.1949527	2.0854423	2.1327453	1.4823002	2.7858002	3.0518277	1.2509649	1.7782341	1.2609664	0.9534525	0.51206684	1.9295605	2.561475	2.2260685	1.2954998	1.6308904	1.031737	1.0780406	2.8379996	2.228291	2.5700777	1.0982834	2.2464886	1.1184301	0.81296396	2.275275	1.4304483	1.2816621	1.4838915	2.1366937	1.4093754	2.3139782	1.6889986	1.3203192	1.4767876	1.4263124	2.0687177	1.4690468	1.59521	2.7103438	2.3016334	2.0011253	1.5864888	2.1392074	2.6144886	2.671863	2.201705	0.73709905	2.210862	0.5363552	0.6645378	1.594985
country/nn	3.661027	0.46078303	1.1490227	1.458303	2.8434072	0.28873152	3.2565527	3.0720928	3.375308	0.7565216	0.8786759	2.581968	1.2895141	3.593612	3.7963233	4.427576	1.8636361	1.0351212	1.754089	1.6494309	1.390188	1.1171898	3.3138094	0.8899006	1.716333	1.1991314	0.99470115	2.7128773	0.0	2.053379	2.4133775	4.2777486	4.3285947	2.0251446	3.7176137	1.4913288	0.69456714	1.455194	0.88664937	0.36108077	3.3279612	3.1377933	1.5517175	2.6413236	1.3300011	2.9143476	4.33346	3.783044	0.6531139	4.1249676	0.836429	1.1892256	3.5249705	3.2561738	3.4450827	3.2991226	3.439451	1.8008655	1.8573645	4.1617103	1.7714564	0.7223788	2.68186	3.3988388	2.2310784	2.0899339	3.4001374	4.384474	3.5262983	4.2337556	4.454058	4.282345	3.0064936	1.2105424	2.6209073	1.6182549	3.4541726	1.1243482	4.38243	4.2500114	3.1981297	0.24998139	0.48059097	1.61536	3.802708	1.7469507	2.2994142	2.7901733	2.042831	1.1600784	2.2909653	1.9089135	3.0123796	2.2748916	2.5765543	0.62511176	4.1100817	1.020358	3.405363	4.3608117	3.2278063	2.945056	4.2617016	3.178183	3.6507773	2.0512216	1.2433854	2.3182108	1.2887982	3.4530191	2.8518999	1.5109657	3.214696	4.1471434	1.6227645	3.3315153	0.70359087	4.419112	2.2452874	2.972454	1.1961228	1.5675538	0.97419816	2.3442	2.1141794	4.295053	2.7977097	2.4745646	3.4800842
court/nn	2.5028024	2.056962	1.3270546	1.5677413	1.6072656	1.9739255	2.398422	2.2431087	2.5298975	2.1265461	1.7179738	1.7903792	1.4010569	2.2288814	3.0023503	3.2377148	1.0947931	1.7873073	1.1884137	1.1540368	1.8366469	1.6412355	2.5349605	1.5334046	1.3582451	1.7733455	1.8555604	1.9794663	2.053379	0.0	1.6857606	3.2159357	3.0877674	1.0142641	2.997785	1.3888732	1.869451	1.2692878	1.6626898	2.2239459	2.5300953	2.4357007	0.74062544	2.1713028	1.9106972	1.7561967	2.9763355	2.877132	1.6028671	3.1125927	1.5087378	1.8725992	2.7690294	2.5494113	2.4576175	2.3139658	2.56737	1.7539045	1.0998913	2.8623526	1.476482	1.9259864	1.6368599	2.5471697	0.3617694	0.21706916	2.6856894	3.2585323	2.653917	2.9900265	3.191369	3.2720747	2.3497546	1.5397537	1.7519803	0.84747565	2.437388	1.297232	3.3040588	3.1775827	2.3595896	1.9921205	2.2321546	1.4209578	2.876015	1.8325503	1.9379622	2.206377	0.17751485	1.4103534	1.1672142	1.600385	1.9366955	1.703532	2.093833	2.0397043	2.7952626	1.8958838	2.6980023	3.186452	2.3974035	2.1084628	3.0058708	2.3875206	2.5579405	1.5717802	1.707946	1.674375	1.1239197	2.595147	2.042437	1.2970432	2.4109218	2.797981	1.103216	2.2031853	1.8966244	3.2316043	1.4692733	1.9151338	1.5580614	1.1542456	1.8530091	1.4157275	1.9058018	3.0560083	2.2705002	2.053367	2.545108
